-62.6477364    3.31182783  39.05067292   4.        
-65.37393173   1.34523484  39.03661729   4.        
-67.21814627  -1.56711815  40.43823319   4.        
-68.97075663   0.2951005   38.28316177   4.        
-68.81176269   1.18114133  34.75197996   4.        
-67.38680445   2.02121191  32.91073826   4.        
-68.39447682   0.42952518  30.95242658   4.        
-66.65004639   0.80528209  27.23127595   4.        
-65.31065295   3.42185421  27.84482706   4.        
-63.90549163   5.69418585  28.35622445   4.        
-62.44788444   8.19613819  27.17380418   4.        
-62.16714176   8.94350244  23.98104779   4.        
-63.7815104    7.40609031  21.9223347    4.        
-64.48684798   5.55461561  24.20710254   4.        
-66.299613     2.54524191  22.88512584   4.        
-66.8784897    3.43491108  19.93551393   4.        
-65.07354283   6.23768672  18.36224817   4.        
-66.039356     5.09096718  16.23581658   4.        
-64.92805017   6.46262579  14.22385843   4.        
-63.90403059   7.51072607  11.74503256   4.        
-61.54693233   8.31999928  10.78072512   4.        
-55.76791763  -5.41516876 -15.96508789   7.        
-65.36855471 -11.68352692 -25.69048357   7.        
-67.10580511 -13.21285403 -27.55621213   7.        
-67.83569998 -14.80968556 -30.07934254   7.        
-63.90966976 -13.61458214 -30.1238087    7.        
-61.35996201 -11.76295326 -28.58275477   7.        
-59.41079579 -10.20122124 -27.43469469   7.        
-60.8038501   -9.1942081  -24.18978407   7.        
-62.03207887  -8.16029189 -21.82001323   7.        
-59.88001101  -6.58406745 -19.38352955   7.        
-56.41979945  -6.20793185 -18.3061241    7.        
-53.69546444  -5.40937385 -18.66553779   7.        
-51.2563085   -4.16159541 -18.65519603   7.        
-49.81422295  -4.39224215 -19.96610424   7.        
-51.19346537  -5.81942131 -22.17322756   7.        
-48.7819028   -6.23333268 -24.64065326   7.        
-50.17175108  -7.32171021 -27.33706319   7.        
-50.87712642  -8.36605631 -30.27317895   7.        
-52.38687149  -9.77124067 -33.3918425    7.        
-52.75357368 -10.93524675 -37.28039018   7.        
-50.33919192 -10.04130281 -39.0878632    7.        
-47.96266636  -8.65614777 -35.88524294   7.        
-44.91782484  -7.63120651 -36.6583012    7.        
-45.71591802  -8.43826068 -39.6013691    7.        
-47.89534489  -9.87703456 -42.35455558   7.        
-45.1955056  -9.4128591 -43.9255301   7.       
-42.48204129  -7.93001842 -43.49022514   7.        
-39.75347483  -7.02846061 -45.57928067   7.        
-39.69351778  -8.07820506 -47.73854179   7.        
-42.42343613  -9.79583614 -49.25649691   7.        
-44.25949349 -11.18617196 -49.97303271   7.        
-46.12032946 -12.39598969 -49.90019731   7.        
-47.4659625  -11.72050503 -46.77698615   7.        
-48.9095117  -13.28567955 -48.87284586   7.        
-49.64735158 -14.90846649 -52.0104705    7.        
-52.78024228 -15.34834765 -51.25284461   7.        
-56.19895028 -16.00350568 -51.22374531   7.        
-59.49019606 -16.39432698 -50.09974311   7.        
-57.67966766 -15.70725815 -47.54504727   7.        
-55.77768965 -14.39793017 -45.3379065    7.        
-52.76050285 -13.14833846 -45.46604657   7.        
-52.37232964 -12.02920967 -43.2831965    7.        
-54.6714967  -12.58542932 -41.3923439    7.        
-58.33774433 -14.23104702 -39.41231734   7.        
-60.75191185 -15.86941183 -39.09173393   7.        
-62.53866089 -17.43273844 -39.08546086   7.        
-62.00982417 -18.23120042 -42.42010369   7.        
-60.43422961 -16.8402394  -43.9526414    7.        
-62.29063972 -17.20048056 -47.10112821   7.        
-63.08669497 -16.88342794 -49.80484736   7.        
-64.47407901 -19.48273972 -46.66228703   7.        
-65.19366708 -21.29458502 -44.59810147   7.        
-65.01255657 -20.15942246 -41.47672145   7.        
-67.22349323 -19.9760342  -39.29093128   7.        
-66.6528471  -18.26511005 -36.63394208   7.        
-66.46428402 -16.73955703 -33.94318516   7.        
-63.87235087 -15.86927057 -34.14533996   7.        
-61.32219533 -14.60307565 -34.73806429   7.        
-58.02250015 -12.67173234 -34.99591143   7.        
-58.23643192 -11.29074789 -31.7607519    7.        
-56.09659596  -9.61447138 -30.14701195   7.        
-55.11357585  -8.16834945 -26.6414148    7.        
-55.02566973  -7.35617095 -23.89691825   7.        
-55.76791763  -5.41516876 -15.96508789   7.        
-58.43180083   9.04064233   7.72853167   4.        
-58.79634561  10.60336143  11.40002203   4.        
-59.41096266  11.30918272  15.15180991   4.        
-61.53307133   9.70712976  17.61721693   4.        
-59.93572975  10.7972918   19.87322588   4.        
-58.14671817  12.21548443  22.04650886   4.        
-59.16907651  11.26530204  25.23829791   4.        
-59.44973737  10.10877246  28.94298396   4.        
-60.45577977   8.52601266  31.72046348   4.        
-63.00339726   6.26159705  32.51703333   4.        
-63.08694192   5.23484048  35.01671277   4.        
-60.10451755   6.25185363  36.8242238    4.        
-57.86741717   8.17926889  36.48497388   4.        
-56.27926678   7.9996311   39.67198703   4.        
-57.02945668   5.5998225   42.11740307   4.        
-59.19989711   2.6399325   43.29810966   4.        
-61.94720501  -0.53371967  42.91277939   4.        
-59.76123299  -0.48217633  45.75448067   4.        
-56.45195538   1.53537591  47.31406052   4.        
-53.23646526   3.66582454  48.5479421    4.        
-53.76341041   5.0155215   46.23459058   4.        
-52.7305852    8.52133283  44.10837915   4.        
-51.97841029  11.0862195   41.34621801   4.        
-52.41911869  11.94930719  38.33525509   4.        
-53.71058422  11.63181928  35.31522916   4.        
-55.8197306   10.43171596  33.14073733   4.        
-54.60130696  11.97175199  30.65809014   4.        
-54.06793489  13.15071204  27.2379563    4.        
-51.47261987  13.19381014  28.59412748   4.        
-48.6216887   14.54284711  29.00522958   4.        
-47.78880725  15.3145447   31.6609776    4.        
-46.61089241  15.8430382   34.48519579   4.        
-49.76147907  14.15286989  35.87719645   4.        
-48.83339488  14.23130942  38.87908149   4.        
-49.01794735  12.76463241  42.87115741   4.        
-49.49208164  10.58962384  46.74984595   4.        
-50.53275342   8.1222267   49.0596969    4.        
-49.7193907    8.31050582  51.67334294   4.        
-48.09989883  10.52279295  51.36855979   4.        
-46.89334385  12.40307302  48.54336512   4.        
-45.03701761  12.93653591  51.14717551   4.        
-42.61604026  13.76745605  52.34866477   4.        
-42.4882571   15.10394605  49.10480333   4.        
-44.0696152   15.10724851  45.62345419   4.        
-45.77283212  15.17820615  42.49942764   4.        
-43.83166541  16.22206818  40.59606781   4.        
-42.84549302  17.04881493  36.57954154   4.        
-40.67262805  17.9751095   32.60784765   4.        
-42.22007468  17.53695969  30.08339484   4.        
-44.95023562  16.15844298  28.05942151   4.        
-45.12207183  16.06408846  24.74709468   4.        
-41.62435455  16.71468486  24.01327679   4.        
-41.9869011   16.44975881  20.21482174   4.        
-40.09037881  16.75381094  17.18769888   4.        
-41.98578016  16.69262576  17.15828323   4.        
-43.41633735  17.55195949  12.81927193   4.        
-45.59469941  17.61728279  10.25384378   4.        
-53.38282776  11.75229645   3.49771094   4.        
-45.05921095  -3.76092625 -20.47996582   7.        
-44.0227213   -5.17474222 -22.86165998   7.        
-43.83097851  -6.19963263 -25.28806473   7.        
-42.5286428   -6.63521043 -27.96846978   7.        
-45.78390773  -7.71573014 -29.69935553   7.        
-43.76884906  -7.03757452 -31.81051708   7.        
-41.53234684  -5.94347314 -33.27389495   7.        
-41.94224618  -6.38241893 -37.17892609   7.        
-39.87406375  -5.60038141 -40.34262327   7.        
-38.49729234  -4.92171349 -43.42546955   7.        
-36.70206645  -3.69918936 -40.94173841   7.        
-36.05959439  -3.58892332 -37.15371226   7.        
-35.26786272  -3.12811046 -35.24137217   7.        
-36.83639647  -3.654041   -32.98863334   7.        
-37.04458899  -3.85815839 -29.67103311   7.        
-36.72163887  -4.16510088 -26.82036891   7.        
-39.17277824  -5.57880329 -26.36704218   7.        
-39.20699351  -5.94524847 -24.37688518   7.        
-36.24880932  -4.90503057 -22.55013561   7.        
-34.51162295  -4.91253431 -20.16789548   2.        
-32.11807369  -4.41426097 -17.65627601   2.        
-29.63439787  -4.28425727 -16.15497964   2.        
-40.82623291  17.14441681   5.49957323   4.        
-51.89568257  14.8480451   17.22677751   4.        
-55.31402184  13.4631068   17.73711165   4.        
-53.88898602  14.16269749  21.50289308   4.        
-51.49664292  15.02591009  23.87006655   4.        
-49.13345163  15.72072628  20.41879544   4.        
-46.69623629  16.1798265   17.30012712   4.        
-48.7962348   16.6786293   13.71738451   4.        
-50.87793806  16.40813415  10.36277972   4.        
-53.11132169  15.09523663  11.51149192   4.        
-55.82146826  13.63411231  12.51010623   4.        
-56.30319209  12.05758763   9.00019626   4.        
-55.62117421  11.33606865   6.37008949   4.        
-53.5875998   14.09042208   6.3957476    4.        
-51.33461552  16.63680734   5.41865172   4.        
-48.84700419  17.41700175   5.45288222   4.        
-45.22398733  17.70891661   5.86600603   4.        
-41.69099734  17.65620194   7.77358254   4.        
-38.51022673  17.45459356   9.9463448    4.        
-37.11131488  16.71909123  12.95825617   4.        
-33.72321878  15.03243043  14.69953663   4.        
-33.23718224  14.11884552  17.48300628   4.        
-35.43522818  15.20873502  18.27231329   4.        
-37.24027872  15.70622863  19.83992719   4.        
-36.60213905  17.36436654  23.94342535   4.        
-36.46571205  18.19690141  27.80591617   4.        
-33.91352174  18.60297559  31.35349552   4.        
-31.36919285  19.49293193  32.44299916   4.        
-29.92164319  20.06426609  35.88676236   4.        
-32.94473328  19.64508202  38.2036174    4.        
-36.20151288  18.63876171  37.08467275   4.        
-37.52594404  18.29870417  40.08306723   4.        
-37.6338509   18.1392124   43.35680761   4.        
-39.37342706  16.94514109  47.33411427   4.        
-38.83670602  16.35396286  50.79619406   4.        
-35.16536654  17.15615642  49.06943865   4.        
-34.07151503  18.36244556  45.8395748    4.        
-31.16049332  18.17362498  46.79497866   4.        
-31.68110846  19.35215381  43.42288821   4.        
-28.53305902  19.92492623  43.73658967   4.        
-25.43461044  19.93061633  41.0988358    4.        
-24.52541407  20.82348621  37.08370195   4.        
-24.39076752  20.72305391  34.73964582   4.        
-24.46859188  19.4578065   32.07543495   4.        
-25.46682244  19.0471533   28.03788931   4.        
-25.87069009  18.26546177  25.22915737   4.        
-28.64342445  18.68618777  26.77679586   4.        
-32.40452563  17.79078854  26.44780006   4.        
-32.30893116  16.80042238  23.37788369   4.        
-29.40792333  17.27381969  22.91997023   4.        
-29.16179158  16.06360297  20.6426484    4.        
-28.52585483  14.09581785  17.36020735   4.        
-29.19277298  12.33139866  15.23096408   2.        
-26.11576923  10.83630591  13.32537503   2.        
-23.14165113   9.56643193  11.90001544   2.        
-21.36659949   8.17050747  10.26221073   2.        
-19.50338544   7.56656211   8.73483896   2.        
-15.02872086   3.40630007   5.15110779   2.        
-14.74066345  -8.00549164   5.88156554   9.        
-17.20906459  -9.23626577   6.5610533    9.        
-20.05808168 -10.00953378   5.07034482   9.        
-19.21312294  -9.90052172   2.53998435   9.        
-16.00085294  -9.04148283   1.12281497   9.        
-15.40960285  -4.03264953  -3.45356946   2.        
-18.50102591  -3.06227599  -6.27192734   2.        
-21.63820881  -3.25619054  -9.29636843   2.        
-25.25964118  -3.62262823 -12.51684916   2.        
-22.88103485  12.86785793 -24.79360962   8.        
-21.81263112  13.59534844 -27.11945659   8.        
-20.1009701   13.56960508 -29.19202213   8.        
-21.56076115  11.96858389 -31.41003395   8.        
-19.56202367  11.43245075 -33.6283308    8.        
-17.59101995  10.7480569  -36.45304399   8.        
-15.78104357  11.0981903  -37.92328575   8.        
-15.46441836  12.92544496 -35.17314176   8.        
-14.08578444  15.01032681 -33.56371253   8.        
-14.98469726  15.13733262 -30.76878561   8.        
-12.21636846  17.31059646 -29.05803913   8.        
-12.68382018  17.16545788 -25.82397072   8.        
-14.57786408  18.29217349 -21.31542219   8.        
-15.24913815  19.01570465 -17.58738832   8.        
-17.708169    18.64554864 -19.36028103   8.        
-18.5478812   17.64835439 -21.29986084   8.        
-20.80317947  15.93240154 -23.22718682   8.        
-17.62359301  15.97091557 -26.02000571   8.        
-14.22466765  17.24736387 -25.50189093   8.        
 -8.88140401  19.00608086 -25.25530776   8.        
 -9.08601488  18.63599132 -22.50563355   8.        
 -8.31813988  18.15397832 -18.73963695   8.        
-10.1947395   17.9935013  -16.73683669   8.        
 -7.71306463  16.34431608 -14.72327475   8.        
 -6.82563634  14.53364087 -12.1786661    8.        
-7.62101903 12.88074618 -9.96119788  2.        
-8.43383561 11.27989298 -7.65890978  2.        
-8.44912578  8.85015356 -4.39166171  2.        
-8.94301691  7.33759204 -2.69928407  2.        
-10.18503444   9.81714308  -1.53290346  11.        
-11.26587499  13.20887915  -2.63600132  11.        
-11.91710315  15.61472601  -2.26546448  11.        
-12.03710409  14.11098269   0.31099024  11.        
-11.28611484  11.69963729   0.70720938  11.        
-9.40021824 11.28510202  3.16702183  2.        
-8.69187278 11.79532093  0.76711792 12.        
-9.04773678  9.2250913   0.90454805 12.        
-9.29889252  6.51650297  1.692892    2.        
-9.37018566  3.66862516  1.08409028  2.        
-7.70600044  1.83568246  0.38075698  2.        
-6.55849346 -0.44485043  0.46098122  2.        
-8.44351215 -1.04173667  1.22936158  2.        
-9.41602673 -1.2942363  -1.54392218 13.        
-10.42630489  -3.57443928  -0.54390232  13.        
-9.13445362 -4.94939702  0.67011447  2.        
-7.7240842  -6.98506662 -1.43932899  2.        
 -4.7485894  -10.93631409  -5.6115445    5.        
 -4.67618372 -12.43078606  -7.79856618   5.        
 -2.14639447 -13.56032333  -9.33570792   5.        
  0.24338246 -12.89412774  -7.55486897   5.        
 -0.1855598  -12.13357724  -4.24703048   5.        
 -3.35477836 -11.35837858  -2.93480452   5.        
 -6.41527934 -13.57002495   0.01777505   2.        
 -7.43846175 -18.49432264   2.99564782   2.        
 -7.17548693 -19.69445834   4.31098979   2.        
 -8.74289508 -15.74879732   2.90101446   2.        
 -9.37089012 -12.88963146   2.53327339   2.        
 -9.08316322 -10.6359804    2.02298173   2.        
-8.32436532 -8.09040142  1.8136224   2.        
-7.28238366 -5.53675166  4.34944501  2.        
-6.49613005 -3.17978119  7.08873534  2.        
-5.83734052 -0.85528311  9.90547931  2.        
-7.60152427  0.48591062  7.35765197  2.        
-11.14205263   2.06643033   2.45215192   2.        
-12.84690441   3.11604856   3.95052768   2.        
-14.53902037   4.55742418   5.25147985   2.        
-16.43008244   6.15587786   6.43968321   2.        
-15.1860016   13.21479474   8.03117352  10.        
-14.01076462  17.31722958  10.20354722  10.        
-13.29729136  21.00396756  12.65493506  10.        
-12.00762506  22.50762212  10.98698295  10.        
-9.80490035 21.66792281  9.47203741 10.        
-10.27490189  18.76056382   7.48293966  10.        
-12.19603029  16.28511095   6.9115184   10.        
-9.46584934 15.34414687  5.49498327 10.        
-7.66517465 15.27579332  4.08542389 10.        
-10.13963238  17.23983136   1.13883554  11.        
-11.79270897  19.13847512  -0.67254909  11.        
-8.08268261 13.7290411  -8.82490826  2.        
 -4.87438752  17.23574194 -13.91282543   8.        
 -4.41899259  18.12638975 -16.80690671   8.        
 -4.66958706  18.75907222 -20.17393043   8.        
 -3.66052822  19.26843222 -23.19191202   8.        
 -4.34200934  19.06015526 -26.31333026   8.        
 -5.74177007  18.5793422  -29.71988401   8.        
 -7.7362806   18.07687249 -32.2917864    8.        
 -9.91399275  16.98006128 -34.16188787   8.        
-10.63199896  15.28718554 -37.2656663    8.        
-11.15350887  12.81384866 -39.77023288   8.        
-12.83570123  10.1516037  -41.32591975   8.        
-10.72620008   9.81605499 -42.23785209   8.        
 -7.82592679  11.14691038 -43.05254305   8.        
 -7.09485416   8.88799809 -45.20292508   8.        
 -4.02050083   9.03070823 -47.39021395   8.        
 -3.23752225  11.8313381  -44.63858963   8.        
 -3.5733407   13.9373966  -41.29346976   8.        
 -6.21252881  14.76301778 -39.25144759   8.        
 -2.50396409  15.91002766 -36.85047548   8.        
  0.04368836  16.71858073 -34.95883397   8.        
 -0.10368982  17.88245279 -31.88237006   8.        
  2.21361195  18.50907097 -29.47517843   8.        
  0.83191284  19.67945132 -25.68514662   8.        
  1.21389624  19.69404375 -22.9971031    8.        
-1.79655922e-02  1.94004134e+01 -1.93862235e+01  8.00000000e+00
  0.21183013  18.92263948 -14.99244826   8.        
  0.64514817  18.74452399 -12.42635753   8.        
 -0.224075    18.90644073 -10.47299194   8.        
-1.23241621 19.32624131  5.69039004 10.        
-1.21850563 21.04445929  7.59206396 10.        
-0.8526166  22.31690844  9.91974564 10.        
 0.03980249 23.03097806 12.90666807 10.        
-0.81430537 24.97832474 16.04714876 10.        
-2.53200582 26.55347096 17.16404044 10.        
-3.99785264 28.08500602 19.32258435 10.        
-7.03385405 27.73313271 19.59570186 10.        
-10.69031979  25.98088397  17.94591528  10.        
-13.37908339  24.63526293  16.21554757  10.        
-10.96720864  25.19506506  14.90178132  10.        
-7.79329743 25.37957811 13.79064509 10.        
-6.99259247 24.0971414  11.83412187 10.        
-5.64651043 21.94653675  8.77640294 10.        
-5.00964619 18.87038899  5.805621   10.        
-4.35720691 16.39103597  3.92948878 10.        
  3.13502789  19.09579277 -10.82734489   8.        
 10.1713992   17.25412892 -18.17595938   8.        
 11.75196787  17.92438143 -20.91908235   8.        
 12.67841771  17.76692823 -24.62959464   8.        
 11.80964131  16.10036539 -28.16022278   8.        
 11.35719716  13.45088327 -31.15018621   8.        
 10.81973109  11.1354346  -33.51024394   8.        
  8.79788949  11.21001938 -35.32223731   8.        
  9.0245567    8.6054163  -37.50636117   8.        
  7.41236368   9.18590174 -40.37063003   8.        
  5.53497014  11.47606545 -40.10732429   8.        
  4.88714697  10.14595965 -42.82313137   8.        
  5.62761577   7.97350233 -44.86484222   8.        
  3.0090537    8.04512713 -47.21626809   8.        
  1.68514289   7.81536204 -49.75818071   8.        
 -0.61750093   9.72354581 -48.50261591   8.        
  0.89351157  10.83898559 -45.59994474   8.        
  1.02213136  12.17124451 -42.83430991   8.        
  1.48081251  13.87016871 -39.65130381   8.        
  4.95337019  13.85756675 -37.18105565   8.        
  5.7337915   15.39562772 -34.5483573    8.        
  6.60790329  17.055034   -31.04430429   8.        
  6.59916073  18.04851209 -27.91837302   8.        
  7.18321545  18.59107022 -23.10058734   8.        
  6.04259264  18.69443095 -18.7802114    8.        
  5.96319853  18.55504108 -14.22934964   8.        
6.42400002e-03 1.78227768e+01 4.59552002e+00 1.00000000e+01
 3.8340532  12.44248115 25.15713264  6.        
 2.31433806 11.68787814 27.75825027  6.        
-1.0840074  11.16560035 30.78252285  6.        
 0.66353415 11.72645821 35.23362124  6.        
 3.57209082 12.56485533 33.03641273  6.        
 6.92078084 13.23340421 29.95736435  6.        
 8.4716095  12.90846624 33.43976922  6.        
 6.34834821 13.73619644 37.86742238  6.        
 5.41924135 13.5344115  41.25894333  6.        
 4.42849403 11.25346983 42.20439465  6.        
 2.08965152 11.1009544  39.89762797  6.        
-1.52707442 10.35493161 40.83493719  6.        
-5.14697913 11.15952069 38.46918637  6.        
-7.48602618 11.29313392 34.2125402   6.        
-7.99527915 10.70005951 30.32498593  6.        
-6.82752723  9.8204584  26.71814271  6.        
-3.68307437  9.72944542 26.7192756   6.        
-1.63652769  9.12657431 23.98780085  6.        
-2.44634354  7.39949725 21.6769481   6.        
-3.53182108  5.3963225  18.77030754  2.        
-4.43440142  3.53614121 15.59392352  2.        
-5.22537184 -1.44971502  8.38845825  2.        
-2.01638721 -1.22318269 -0.83947559  2.        
 1.75245101 -1.17791149 -1.84256398  2.        
 5.24996876 -1.54338873 -2.77524597  2.        
 8.08220504 -1.71301032 -3.53561016  2.        
11.67899191 -2.44524918 -4.30001334  2.        
14.40186196 -3.20134304 -4.82411304  2.        
17.95720573 -3.41746311 -6.00266893  2.        
20.96545567 -4.14962387 -6.71484889  2.        
23.71745799 -4.21707797 -7.3691066   2.        
26.36209294 -4.42462142 -7.83787009  3.        
28.17849266 -3.65674638 -6.90983125  3.        
30.87516019 -2.19036687 -4.98394544  3.        
34.144357   -2.61875791 -4.941257    3.        
33.86095663 -1.34206029 -2.48343194  3.        
33.16604879 -0.0727357  -0.46368276  3.        
35.6386771   0.22088542  1.79877603  3.        
38.20168226  0.41284659  4.74343378  3.        
40.98302818 -0.48778737  6.35636093  3.        
43.25990307 -1.4845354   3.88888217  3.        
46.17188996 -1.68095108  5.7446257   3.        
48.54035104 -3.76746131  5.17879776  3.        
47.4862874  -4.40712567  1.57863537  3.        
47.02012743 -5.18080363 -2.05270565  3.        
43.12302776 -3.34642996 -1.58189026  3.        
39.24591627 -2.14565601 -1.25507894  3.        
38.15907892 -2.75762807 -3.95211597  3.        
38.30251768 -4.49002301 -7.85351943  3.        
 34.68390177  -5.69539668 -10.06142297   3.        
31.29527693 -4.79746019 -9.81121591  3.        
 30.19912078  -4.26948377 -12.3694294    3.        
 29.51350381  -3.26488433 -15.81723265   3.        
 31.43651995  -3.91951898 -18.47757189   3.        
 30.76763843  -3.41378777 -21.70774558   3.        
 32.05926086  -4.04128982 -24.33848321   3.        
 34.48534912  -5.7686367  -27.58260287   3.        
 35.41265854  -6.93886518 -29.42035958   3.        
 37.24549864  -9.33411244 -32.09932277   3.        
 39.32789632 -11.26321664 -33.30402571   3.        
 42.34172444 -12.83152337 -34.13404224   3.        
 46.18000456 -13.81899482 -35.65661698   3.        
 49.45719462 -15.14611289 -34.63762339   3.        
 51.37782406 -17.22811025 -33.7053807    3.        
 53.62734573 -19.7918491  -33.31492431   3.        
 53.58291096 -20.01803115 -30.21566282   3.        
 52.50330003 -17.82995453 -26.31943996   3.        
 50.16582984 -14.90497172 -25.84486513   3.        
 48.89029485 -14.45502252 -28.90633256   3.        
 46.74345886 -12.63966016 -28.3143264    3.        
 44.18795588 -11.43847099 -29.50389827   3.        
 41.46015542 -10.02691049 -29.09247863   3.        
 40.14826857  -8.68075441 -27.33747301   3.        
 37.52029662  -6.95111621 -24.77540267   3.        
 35.71472591  -6.06105469 -22.56586635   3.        
 36.38266809  -5.7005202  -18.34834545   3.        
 35.50974079  -5.50284602 -15.01477644   3.        
 37.97728992  -6.85772165 -13.46426183   3.        
 41.23814718  -7.72586032 -12.23828635   3.        
 43.83090268  -7.2738787  -10.13823347   3.        
44.18968893 -5.72255329 -7.32459508  3.        
47.9027362  -7.08224825 -7.04489594  3.        
50.27099844 -8.21183073 -7.07114974  3.        
51.5932722  -7.99260012 -4.07784457  3.        
53.46890517 -8.27745862 -0.51501696  3.        
51.44009761 -6.74458653  2.07445342  3.        
53.51878774 -7.44663386  4.65501077  3.        
57.04579145 -9.67221793  3.14777695  3.        
 59.44925751 -11.013574     1.11480561   3.        
 63.07421816 -12.81856486  -0.54969462   3.        
 64.77992626 -13.3067244   -3.41742702   3.        
 60.82955724 -12.16637896  -4.76495526   3.        
 57.19067105 -10.66163616  -5.05697312   3.        
 55.64665502 -10.74847691  -7.4072218    3.        
 53.18873485 -11.08130868 -10.08037393   3.        
 49.68658751 -10.0673398  -11.37945873   3.        
 47.19189173  -9.76855201 -13.12069888   3.        
 45.32405038  -9.63877353 -16.20705055   3.        
 42.24988011  -8.66706169 -18.09258792   3.        
 40.8685553   -8.02087772 -21.56699178   3.        
 43.37434647  -9.7996588  -23.8360117    3.        
 46.96345063 -11.45492444 -22.1831776    3.        
 49.04520821 -12.03300696 -19.12521022   3.        
 51.2055633  -13.2105516  -18.24547286   3.        
 52.97953127 -15.64593484 -20.24685871   3.        
 55.0107091  -18.97365301 -21.84159425   3.        
 55.3702286  -21.73443266 -25.69275717   3.        
 56.4557532  -23.86052656 -30.15312325   3.        
 57.85999241 -25.6011553  -28.36450002   3.        
 58.63162231 -25.6068446  -25.19738551   3.        
 58.35286162 -22.82314907 -22.26751691   3.        
 59.37369357 -21.43317416 -19.95388679   3.        
 61.39521377 -23.57769719 -19.88476962   3.        
 62.86259733 -26.77420867 -20.61493341   3.        
 66.61091551 -25.88025103 -20.25657049   3.        
 67.6024827  -24.10015244 -18.21629104   3.        
 67.93107313 -23.1936103  -15.01137963   3.        
 64.44539048 -21.26449129 -15.7739054    3.        
 61.42171066 -19.56985389 -16.32656744   3.        
 58.66266083 -17.23001623 -15.82006827   3.        
 55.38483805 -15.29607013 -16.34567041   3.        
 53.92236617 -13.34790801 -13.75395394   3.        
 57.62413021 -13.44991673 -10.51606129   3.        
 60.65406253 -14.86199853  -9.74509977   3.        
 63.56282496 -17.57494238 -11.59728619   3.        
 65.84036836 -18.85480175 -11.59227444   3.        
 68.49560946 -18.89736586 -10.01382559   3.        
 68.67849516 -17.27313299  -8.34595161   3.        
 67.02246824 -14.79982789  -6.15308383   3.        
 64.89053179 -14.62799341  -6.96894588   3.        
