-0.04801000 -0.04404000 0.01283000
0.04123000 0.45800000 -0.00007400
0.03778000 -0.52499998 -0.02353000
0.01304000 -0.79100001 0.03793000
-0.03775000 0.21140000 -0.03778000
-0.03286000 -0.29240000 0.03223000
-0.02605000 0.62140000 -0.04625000
-0.05017000 -0.65710002 -0.01514000
0.03526000 0.08809000 0.01976000
0.04111000 -0.16560000 -0.01042000
-0.00009100 0.32589999 0.04123000
-0.04022000 -0.41400000 -0.03507000
-0.03288000 0.53729999 0.03223000
-0.02605000 -0.85839999 -0.04625000
-0.04244000 0.39820001 -0.03219000
0.04111000 -0.36109999 0.00485900
-0.00012500 -0.74169999 -0.05118000
0.01619000 0.00881400 -0.04658000
-0.03560000 -0.56730002 0.03012000
-0.00522400 -0.24490000 -0.05135000
0.01316000 -0.45269999 0.03825000
0.01304000 -0.89139998 0.03793000
0.04078000 -0.63069999 0.00481200
-0.00012500 0.29949999 -0.05118000
0.03083000 0.19030000 0.02598000
-0.05045000 -0.14440000 0.00459400
-0.05017000 0.11980000 -0.01514000
0.03500000 -0.08103000 0.01955000
0.04174000 0.57959998 -0.00523700
-0.01930000 0.49640000 -0.04906000
0.03887000 0.37349999 -0.01987000
-0.04906000 -0.49720001 -0.01930000
-0.01514000 -0.58840001 -0.05017000
-0.01930000 -0.32810000 -0.04906000
-0.01043000 -0.70999998 0.04145000
-0.01032000 -0.08631000 -0.05106000
-0.03286000 0.03525000 0.03223000
-0.00523700 -0.20790000 0.04173000
-0.03288000 0.45280001 0.03223000
0.02235000 0.14090000 -0.04287000
0.03956000 -0.27129999 0.00946100
-0.03286000 0.24660000 0.03223000
0.03197000 -0.81040001 -0.03267000
-0.02675000 -0.37169999 0.03589000
0.03012000 -0.43509999 -0.03560000
-0.05106000 -0.79979998 -0.01032000
0.03793000 0.26069999 0.01305000
0.01671000 -0.01585000 0.03703000
0.00944500 0.39460000 0.03922000
-0.05106000 -0.21320000 -0.01032000
-0.05135000 0.30480000 -0.00522500
-0.01974000 0.14620000 0.03891000
-0.04022000 0.05638000 -0.03507000
0.04156000 -0.71520001 -0.00010200
-0.01929000 -0.16960000 -0.04906000
0.00944500 0.61659998 0.03922000
-0.04454000 0.56019998 -0.02912000
-0.05106000 -0.73110002 -0.01032000
0.02804000 0.20960000 -0.03824000
0.00459700 -0.65179998 -0.05045000
-0.01043000 -0.64120001 0.04145000
0.00459700 0.43689999 -0.05045000
-0.04801000 -0.88959998 0.01283000
-0.02333000 -0.50379997 0.03715000
0.02576000 -0.56019998 0.03058000
0.03468000 0.51620001 0.01942000
0.01619000 0.07752000 -0.04658000
-0.01531000 -0.10750000 0.04051000
0.01284000 0.54790002 -0.04801000
-0.04047000 -0.42980000 0.02550000
0.03197000 -0.04932000 -0.03267000
-0.04022000 -0.00175200 -0.03507000
-0.04047000 0.36820000 0.02550000
0.03641000 -0.84030002 0.01646000
-0.04774000 -0.28410000 -0.02278000
-0.03560000 -0.83679998 0.03012000
0.01906000 -0.37700000 -0.04500000
-0.01514000 -0.53030002 -0.05017000
-0.05045000 0.62190002 0.00459700
0.04123000 0.31529999 -0.00007400
0.01316000 -0.32589999 0.03825000
0.03593000 -0.11270000 -0.02668000
0.02235000 -0.29240000 -0.04287000
-0.01514000 0.35229999 -0.05017000
-0.01994000 0.08809000 0.03918000
0.01671000 -0.15330000 0.03703000
0.03778000 -0.21840000 -0.02353000
-0.00012500 -0.47740000 -0.05118000
0.03442000 -0.58840001 -0.02975000
0.02575000 0.03700000 0.03060000
0.04156000 -0.76810002 -0.00010200
-0.05017000 -0.36640000 -0.01514000
-0.04906000 -0.55540001 -0.01930000
-0.03286000 -0.76810002 0.03223000
-0.05106000 0.48449999 -0.01032000
-0.05017000 -0.09689000 -0.01514000
-0.01514000 -0.79979998 -0.05017000
-0.03504000 0.26249999 -0.04025000
-0.03219000 -0.69580001 -0.04244000
0.03956000 -0.41400000 0.00946100
0.02576000 -0.50739998 0.03058000
-0.04906000 -0.60820001 -0.01929000
0.02804000 0.48969999 -0.03824000
0.00479200 0.48449999 0.04078000
0.00479200 0.56900001 0.04078000
-0.03560000 0.19910000 0.03012000
0.04051000 0.05109000 -0.01532000
-0.01038000 -0.05461000 0.04112000
0.04123000 0.13570000 -0.00007400
0.00483900 -0.26600000 0.04111000
0.04156000 -0.00175800 -0.00004600
-0.02605000 0.16689999 -0.04625000
-0.01930000 0.11060000 -0.04906000
-0.05045000 0.16210000 0.00459700
0.02550000 0.26249999 -0.04047000
0.04173000 -0.48269999 -0.00525000
-0.04491000 -0.68879998 0.01917000
0.02804000 -0.68879998 -0.03824000
-0.04678000 -0.25009999 0.01573000
0.02276000 -0.74339998 0.03286000
0.04173000 -0.31360000 -0.00525000
0.02235000 0.60600001 -0.04287000
0.01304000 0.22900000 0.03793000
0.02550000 -0.85270000 -0.04047000
0.03793000 0.41400000 0.01305000
-0.03775000 -0.45980000 -0.03778000
-0.04774000 0.34490001 -0.02278000
-0.04287000 -0.62010002 0.02235000
-0.02912000 -0.04227000 -0.04454000
-0.04491000 0.41049999 0.01917000
0.03258000 -0.68000001 0.02257000
-0.04658000 -0.00175400 0.01619000
0.00459500 -0.12860000 -0.05045000
-0.03219000 0.45629999 -0.04244000
0.03468000 0.35229999 0.01942000
-0.00009100 0.28360000 0.04123000
0.00459700 0.39460000 -0.05045000
0.01917000 -0.18670000 -0.04491000
-0.03286000 -0.17090000 0.03223000
-0.05045000 0.08281000 0.00459700
0.00479200 0.43689999 0.04078000
-0.02686000 0.59549999 0.03620000
-0.05017000 -0.84740001 -0.01514000
0.01955000 0.13570000 0.03500000
-0.04801000 -0.53030002 0.01283000
0.03703000 -0.12150000 0.01672000
0.03855000 -0.04051000 0.01331000
0.02278000 -0.38400000 0.03286000
-0.04827000 -0.32409999 0.01220000
0.03500000 -0.19200000 0.01955000
-0.05135000 0.23080000 -0.00522500
-0.01043000 -0.40869999 0.04145000
-0.03504000 -0.13390000 -0.04025000
-0.03286000 0.30480000 0.03223000
0.02235000 0.34180000 -0.04287000
0.03703000 -0.23250000 0.01672000
0.01940000 -0.59899998 0.03470000
-0.02605000 -0.20829999 -0.04625000
-0.03775000 -0.75580001 -0.03778000
0.03197000 0.41580001 -0.03267000
-0.01929000 -0.38100001 -0.04906000
-0.04906000 -0.17479999 -0.01930000
-0.00009100 -0.84740001 0.04123000
-0.05118000 0.52679998 -0.00012500
-0.04287000 -0.08103000 0.02235000
-0.02912000 -0.63419998 -0.04454000
-0.05118000 -0.45629999 -0.00012500
0.03593000 0.17270000 -0.02668000
-0.04658000 0.56900001 0.01619000
0.03620000 -0.26069999 -0.02687000
-0.04047000 -0.73110002 0.02550000
-0.05118000 0.04582000 -0.00012500
0.01586000 -0.34000000 -0.04672000
0.03197000 -0.74169999 -0.03267000
0.03197000 0.29949999 -0.03267000
-0.01994000 -0.01232000 0.03918000
-0.03504000 0.31540000 -0.04025000
0.02235000 -0.62010002 -0.04287000
-0.00522400 0.22020000 -0.05135000
-0.04774000 -0.24710000 -0.02278000
0.04078000 0.22550000 0.00479100
-0.04047000 0.11450000 0.02550000
-0.01032000 -0.44040000 -0.05106000
0.00924100 -0.55669999 -0.04926000
-0.01983000 -0.80510002 0.03887000
0.00944500 0.53200001 0.03922000
-0.03824000 -0.20790000 0.02804000
-0.03560000 -0.46680000 0.03012000
0.03781000 0.10920000 -0.02346000
0.03778000 -0.65179998 -0.02353000
-0.02278000 -0.28410000 -0.04774000
0.03415000 0.52679998 -0.02955000
-0.04801000 -0.38760000 0.01283000
0.00459700 -0.40869999 -0.05045000
-0.00520900 0.05638000 0.04140000
-0.03219000 0.53030002 -0.04244000
0.04189000 -0.55669999 -0.00007400
-0.05135000 0.37880000 -0.00522500
-0.04658000 0.27309999 0.01619000
-0.04244000 0.09162000 -0.03219000
-0.04658000 0.33120000 0.01619000
0.03825000 -0.44749999 0.01316000
-0.04244000 0.59369999 -0.03219000
0.03030000 0.58660001 0.02557000
-0.05045000 -0.58310002 0.00459700
0.03620000 -0.40340000 -0.02687000
-0.04625000 -0.33510000 -0.02605000
-0.04491000 0.50029999 0.01917000
-0.01996000 -0.32940000 0.03918000
-0.00009100 0.36289999 0.04123000
-0.00523700 -0.55669999 0.04173000
0.00459700 -0.05460000 -0.05045000
0.00459700 0.63249999 -0.05045000
-0.02975000 0.63249999 0.03442000
0.02804000 -0.15500000 -0.03824000
-0.01520000 0.51090002 0.04020000
-0.04906000 -0.04800000 -0.01930000
0.04078000 -0.81040001 0.00481200
-0.02346000 -0.24490000 0.03746000
0.00924100 -0.82620001 -0.04926000
-0.02333000 -0.67299998 0.03715000
-0.02912000 -0.49680001 -0.04454000
0.04112000 0.61129999 -0.01038000
-0.05017000 0.45280001 -0.01514000
-0.04625000 0.18279999 -0.02605000
0.00459700 -0.77340001 -0.05045000
0.02804000 0.57429999 -0.03824000
0.02824000 0.30829999 0.02830000
0.01284000 0.04581000 -0.04801000
-0.05106000 0.42100000 -0.01032000
-0.04491000 -0.11270000 0.01917000
0.04111000 -0.59899998 0.00485900
0.03468000 0.48449999 0.01942000
-0.03286000 -0.13920000 0.03223000
-0.04491000 -0.65710002 0.01917000
0.01619000 0.10920000 -0.04658000
-0.00004600 -0.35589999 0.04156000
0.02804000 -0.47209999 -0.03824000
0.03013000 0.44749999 -0.03559000
0.03030000 -0.47560000 0.02557000
-0.01981000 0.40520000 0.03888000
-0.01043000 -0.60420001 0.04145000
0.03793000 0.38229999 0.01305000
-0.00006300 0.02467000 0.04156000
0.01671000 -0.11100000 0.03703000
-0.02912000 0.42280000 -0.04454000
0.00483900 -0.08103000 0.04111000
0.03620000 -0.35060000 -0.02687000
0.03922000 0.55320001 0.00944500
0.01955000 -0.41400000 0.03500000
0.02278000 -0.28889999 0.03286000
-0.03286000 -0.86849999 0.03223000
0.02576000 -0.71350002 0.03058000
-0.00520900 0.11980000 0.04140000
0.00886600 -0.21840000 -0.04942000
-0.04491000 -0.81040001 0.01917000
-0.05045000 0.19380000 0.00459700
0.01284000 -0.51969999 -0.04801000
0.02235000 -0.02290000 -0.04287000
-0.04022000 -0.52499998 -0.03507000
0.01330000 -0.23080000 0.03855000
-0.00012500 0.57429999 -0.05118000
0.03526000 0.15680000 0.01976000
0.04174000 0.28360000 -0.00523700
-0.00520900 0.25189999 0.04140000
-0.04497000 -0.35589999 0.01910000
-0.04948000 -0.28709999 0.00870200
-0.04453000 0.50739998 -0.02912000
0.02576000 0.45449999 0.03058000
0.00944500 -0.68879998 0.03922000
0.00960600 -0.18140000 0.03986000
0.01607000 -0.10220000 -0.04663000
-0.04022000 -0.78920001 -0.03507000
-0.03504000 -0.83149999 -0.04025000
-0.01514000 -0.01761000 -0.05017000
-0.01032000 0.06695000 -0.05106000
0.03793000 -0.52670002 0.01306000
-0.04906000 -0.69809997 -0.01929000
-0.04774000 0.28140000 -0.02278000
-0.02912000 0.03172000 -0.04454000
-0.03775000 -0.08455000 -0.03778000
-0.05135000 0.59020001 -0.00522500
0.00955800 0.16210000 0.03953000
0.03030000 -0.86669999 0.02557000
0.04018000 -0.83149999 -0.01529000
0.02276000 -0.62720001 0.03286000
0.02278000 0.06518000 0.03286000
0.03887000 0.34180000 -0.01987000
0.01671000 -0.04756000 0.03703000
0.04157000 -0.85790002 -0.00523400
-0.03775000 0.14270000 -0.03778000
0.00459700 0.19380000 -0.05045000
-0.00522400 0.46329999 -0.05135000
-0.02605000 0.28850001 -0.04625000
0.04051000 0.19910000 -0.01532000
-0.00007400 -0.75749999 0.04123000
-0.01038000 0.20440000 0.04112000
0.01284000 0.51090002 -0.04801000
0.03778000 0.07752000 -0.02353000
-0.01996000 -0.44569999 0.03918000
0.03593000 -0.77340001 -0.02669000
-0.04658000 -0.48800001 0.01619000
-0.04022000 -0.72579998 -0.03507000
-0.02674000 0.27309999 0.03590000
-0.04801000 -0.78390002 0.01283000
-0.02278000 0.38710001 -0.04774000
-0.05106000 -0.00703800 -0.01032000
-0.02674000 0.33120000 0.03590000
0.02804000 -0.07575000 -0.03824000
0.03855000 0.05462000 0.01331000
0.02824000 -0.81739998 0.02830000
-0.04813000 -0.18140000 0.01254000
-0.03219000 -0.25720000 -0.04244000
-0.00012500 -0.85259998 -0.05118000
0.01955000 0.10390000 0.03500000
-0.01032000 0.26249999 -0.05106000
-0.03824000 0.16740000 0.02804000
0.00459700 -0.68349999 -0.05045000
0.00459700 -0.71520001 -0.05045000
0.00946000 -0.48800001 0.03956000
-0.03504000 -0.36109999 -0.04025000
0.00479200 -0.82090002 0.04078000
-0.03775000 0.36469999 -0.03778000
-0.05017000 -0.76279998 -0.01514000
-0.01930000 -0.11140000 -0.04906000
-0.04658000 0.47389999 0.01619000
-0.01520000 0.17270000 0.04020000
-0.04801000 -0.85259998 0.01283000
-0.03286000 -0.39809999 0.03223000
-0.01032000 0.14620000 -0.05106000
-0.05118000 0.01939000 -0.00012500
0.03500000 -0.34000000 0.01955000
-0.03286000 -0.59369999 0.03223000
-0.02912000 -0.66060001 -0.04454000
0.04111000 -0.19200000 -0.01042000
-0.05135000 0.25720000 -0.00522500
-0.00012500 0.32589999 -0.05118000
0.04051000 0.50559998 -0.01532000
0.03526000 0.11980000 0.01976000
0.03442000 -0.31889999 -0.02975000
0.04051000 0.01938000 -0.01532000
0.04156000 -0.09689000 -0.00004600
0.01940000 0.25720000 0.03470000
-0.01527000 -0.73640001 0.04052000
-0.00012500 -0.60949999 -0.05118000
-0.02960000 -0.03875000 0.03412000
0.02276000 0.37169999 0.03286000
0.03019000 0.62360001 0.02545000
-0.04454000 0.23780000 -0.02912000
-0.05135000 0.55320001 -0.00522500
0.04206000 -0.13390000 -0.00527600
0.01284000 0.24140000 -0.04801000
-0.01514000 0.54790002 -0.05017000
-0.00523500 -0.87379998 0.04173000
0.01284000 -0.45100001 -0.04801000
-0.05106000 -0.39809999 -0.01032000
-0.02278000 -0.56419998 -0.04774000
-0.01038000 0.54790002 0.04112000
-0.04906000 -0.12200000 -0.01929000
-0.04047000 0.07223000 0.02550000
0.04111000 -0.28709999 -0.01042000
-0.05045000 -0.41929999 0.00459700
0.04156000 -0.67299998 -0.00010200
-0.04022000 0.47920001 -0.03507000
-0.04454000 0.62360001 -0.02912000
-0.02912000 0.57609999 -0.04454000
0.00924100 0.16210000 -0.04926000
-0.04047000 0.14090000 0.02550000
0.02550000 0.37880000 -0.04047000
0.00458600 -0.30829999 -0.05045000
-0.01514000 -0.88440001 -0.05017000
0.03887000 0.22550000 -0.01987000
0.04112000 0.42100000 -0.01040000
-0.02346000 -0.08103000 0.03746000
0.04018000 -0.42460001 -0.01529000
-0.00522400 -0.36109999 -0.05135000
0.03778000 -0.55140001 -0.02353000
0.02276000 0.41400000 0.03286000
-0.00522400 0.01939000 -0.05135000
0.03030000 0.28009999 0.02557000
-0.01930000 -0.41270000 -0.04906000
0.00483900 -0.30300000 0.04111000
-0.01929000 -0.71920002 -0.04906000
-0.04906000 -0.14839999 -0.01929000
0.00459400 -0.16560000 -0.05045000
0.02575000 -0.21140000 0.03060000
-0.04453000 -0.67650002 -0.02912000
-0.04454000 -0.02641000 -0.02912000
0.03855000 -0.16210000 0.01331000
0.04112000 -0.04404000 -0.01040000
-0.00522400 -0.19730000 -0.05135000
-0.04022000 -0.31360000 -0.03507000
0.04111000 -0.74169999 -0.01042000
0.01940000 0.34180000 0.03470000
-0.05106000 -0.52499998 -0.01032000
0.02575000 0.00528900 0.03060000
0.01918000 0.46860000 -0.04491000
-0.04491000 0.43689999 0.01917000
-0.03775000 -0.22720000 -0.03778000
0.03887000 0.47920001 -0.01987000
0.02849000 -0.26249999 0.02852000
-0.01514000 0.60070002 -0.05017000
0.03778000 -0.45629999 -0.02353000
-0.04658000 -0.75749999 0.01619000
-0.01043000 -0.77869999 0.04145000
-0.00007400 -0.66240001 0.04123000
-0.00004600 -0.38760000 0.04156000
-0.03286000 -0.70990002 0.03223000
0.02550000 -0.72049999 -0.04047000
0.03672000 -0.30649999 0.01657000
-0.01038000 0.30480000 0.04112000
0.02550000 -0.54079998 -0.04047000
-0.04454000 -0.20080000 -0.02912000
-0.05017000 0.20960000 -0.01514000
-0.04047000 -0.27129999 0.02550000
0.03593000 -0.86849999 -0.02669000
-0.05135000 -0.07574000 -0.00522500
-0.04454000 -0.57609999 -0.02912000
0.04189000 -0.25020000 -0.00007400
0.01940000 -0.76810002 0.03470000
-0.02278000 -0.77029997 -0.04774000
-0.02605000 0.19340000 -0.04625000
0.03056000 0.23780000 0.02578000
0.02824000 0.54610002 0.02830000
-0.05118000 -0.34529999 -0.00012500
0.03258000 -0.58490002 0.02257000
0.00459700 0.48980001 -0.05045000
0.04078000 0.18850000 0.00479100
0.01328000 0.19730000 0.03855000
-0.00522500 -0.14970000 0.04157000
-0.05118000 -0.62010002 -0.00012500
-0.02605000 0.08237000 -0.04625000
-0.01981000 0.35229999 0.03888000
-0.03219000 -0.60070002 -0.04244000
-0.03775000 -0.16380000 -0.03778000
0.03887000 -0.37169999 -0.01986000
-0.01929000 -0.46550000 -0.04906000
-0.04943000 -0.22900000 0.00884100
0.03641000 -0.72930002 0.01646000
-0.01930000 0.23740000 -0.04906000
0.03223000 -0.49329999 -0.03287000
-0.00004600 -0.43509999 0.04156000
0.01940000 0.51090002 0.03470000
-0.04801000 -0.70990002 0.01283000
0.03415000 0.00353600 -0.02955000
-0.05045000 -0.67299998 0.00459700
-0.03824000 0.22550000 0.02804000
0.01576000 -0.23960000 -0.04677000
0.04051000 -0.01761000 -0.01532000
-0.02278000 0.00661500 -0.04774000
-0.01527000 -0.83149999 0.04052000
0.03057000 -0.36469999 0.02578000
0.03887000 -0.07046000 -0.01987000
-0.01520000 0.37880000 0.04020000
-0.04244000 0.43509999 -0.03219000
-0.05118000 -0.83149999 -0.00012500
-0.05118000 0.13570000 -0.00012500
-0.05017000 -0.44040000 -0.01514000
-0.05106000 -0.47740000 -0.01032000
0.03596000 0.13570000 -0.02661000
0.02235000 -0.26600000 -0.04287000
-0.04454000 0.03172000 -0.02912000
-0.04774000 0.31840000 -0.02278000
0.03258000 0.32940000 0.02257000
0.03922000 -0.78920001 0.00944600
-0.04658000 0.54259998 0.01619000
-0.03288000 0.56370002 0.03223000
-0.01032000 -0.14440000 -0.05106000
0.04174000 0.15680000 -0.00523700
0.03887000 0.26780000 -0.01987000
0.03312000 -0.01409000 0.02298000
0.04078000 0.43689999 0.00479100
-0.04625000 0.53160000 -0.02605000
-0.04047000 -0.54610002 0.02550000
0.02550000 0.32060000 -0.04047000
-0.04658000 0.24140000 0.01619000
-0.02346000 0.00881600 0.03746000
0.04174000 0.08809000 -0.00523700
-0.04926000 -0.02290000 0.00924000
0.02804000 -0.83149999 -0.03824000
-0.01996000 -0.26600000 0.03918000
0.01284000 -0.57779998 -0.04801000
0.01918000 -0.59899998 -0.04491000
-0.04801000 0.35229999 0.01283000
-0.04491000 -0.50910002 0.01917000
0.00924100 0.27309999 -0.04926000
0.04123000 0.35760000 -0.00007400
0.01284000 -0.49849999 -0.04801000
0.01284000 -0.42980000 -0.04801000
-0.04658000 0.59020001 0.01619000
-0.00012500 -0.63069999 -0.05118000
0.04123000 0.11450000 -0.00007400
0.03593000 0.59020001 -0.02669000
-0.02960000 -0.63599998 0.03412000
0.03620000 -0.62010002 -0.02687000
-0.04287000 0.52149999 0.02235000
0.00459700 0.37349999 -0.05045000
-0.03824000 -0.22900000 0.02804000
0.04078000 -0.65179998 0.00481200
0.02804000 0.23080000 -0.03824000
0.02824000 0.39289999 0.02830000
-0.01983000 -0.57779998 0.03887000
0.04078000 0.33649999 0.00479100
0.03703000 0.02643000 0.01672000
-0.04906000 0.16339999 -0.01930000
-0.02333000 -0.54610002 0.03715000
0.03223000 -0.19730000 -0.03287000
-0.00009100 0.09337000 0.04123000
0.01304000 -0.86500001 0.03793000
0.03887000 0.32060000 -0.01987000
-0.04454000 -0.86140001 -0.02912000
-0.02346000 -0.21840000 0.03746000
-0.04022000 -0.11270000 -0.03507000
-0.00522400 0.12510000 -0.05135000
-0.01930000 0.33250001 -0.04906000
-0.02674000 -0.61479998 0.03590000
0.03593000 0.62190002 -0.02669000
0.00479200 -0.73640001 0.04078000
0.01619000 -0.75749999 -0.04658000
0.02235000 0.39989999 -0.04287000
0.00459700 -0.00703800 -0.05045000
-0.01520000 0.43689999 0.04020000
0.01619000 -0.78920001 -0.04658000
0.03887000 0.45800000 -0.01987000
-0.05017000 -0.31889999 -0.01514000
-0.02605000 -0.74210000 -0.04625000
-0.04625000 -0.81080002 -0.02605000
0.03986000 -0.05989000 0.00960600
-0.02278000 0.47700000 -0.04774000
-0.03775000 -0.38049999 -0.03778000
-0.04022000 -0.06517000 -0.03507000
0.03030000 0.56550002 0.02557000
0.02276000 -0.52670002 0.03286000
-0.00004600 -0.24490000 0.04156000
-0.03219000 -0.34180000 -0.04244000
-0.04906000 0.60729998 -0.01930000
0.01304000 0.29769999 0.03793000
-0.01537000 -0.17090000 0.04084000
0.03778000 -0.13920000 -0.02353000
-0.04454000 -0.64480001 -0.02912000
-0.01514000 -0.64649999 -0.05017000
-0.03824000 -0.34000000 0.02804000
0.04173000 -0.46160001 -0.00525000
-0.04047000 0.01410000 0.02550000
0.03286000 -0.43160000 0.02278000
0.03197000 0.05110000 -0.03267000
-0.00012500 -0.32940000 -0.05118000
-0.01930000 0.51749998 -0.04906000
-0.04244000 -0.48440000 -0.03219000
-0.01930000 -0.61350000 -0.04906000
0.02235000 0.63239998 -0.04287000
0.02278000 -0.31009999 0.03286000
0.03223000 -0.56730002 -0.03287000
-0.04906000 -0.78259999 -0.01929000
-0.02322000 0.12510000 0.03720000
0.03778000 -0.72579998 -0.02353000
-0.04801000 -0.60420001 0.01283000
-0.01930000 -0.82489997 -0.04906000
0.03672000 -0.39640000 0.01657000
-0.03775000 0.33829999 -0.03778000
-0.04287000 -0.05989000 0.02235000
0.03415000 0.35760000 -0.02955000
0.02849000 -0.14090000 0.02852000
0.03468000 -0.60949999 0.01942000
0.01940000 0.47389999 0.03470000
0.01940000 -0.84740001 0.03470000
0.02575000 0.16910000 0.03060000
0.04111000 -0.78390002 -0.01042000
0.04111000 -0.49860001 0.00485900
-0.05106000 0.06167000 -0.01032000
-0.04801000 0.22020000 0.01283000
0.04174000 0.06695000 -0.00523700
0.04018000 -0.59899998 -0.01529000
0.02804000 -0.51440001 -0.03824000
-0.04047000 0.05109000 0.02550000
-0.03504000 -0.87379998 -0.04025000
-0.02278000 -0.68040001 -0.04774000
0.00944500 -0.70990002 0.03922000
-0.00520900 0.42100000 0.04140000
-0.05017000 0.57429999 -0.01514000
-0.05135000 -0.64120001 -0.00522500
0.02550000 -0.87910002 -0.04047000
0.02824000 -0.79629999 0.02830000
-0.00006300 -0.02290000 0.04156000
-0.00523700 -0.28720000 0.04173000
-0.05106000 -0.29769999 -0.01032000
-0.05045000 0.28889999 0.00459700
0.01657000 -0.34880000 0.03673000
-0.05045000 -0.09160000 0.00459600
0.00960600 0.04052000 0.03986000
0.04123000 0.53729999 -0.00007400
-0.00004600 -0.47209999 0.04156000
0.04018000 -0.23960000 -0.01529000
0.02235000 -0.31360000 -0.04287000
0.03415000 -0.02817000 -0.02955000
0.00946000 -0.37169999 0.03956000
-0.04491000 0.29949999 0.01917000
-0.02912000 -0.30120000 -0.04454000
0.04018000 -0.70469999 -0.01529000
-0.01038000 0.57959998 0.04112000
0.04078000 0.60070002 0.00479100
0.00479200 -0.63069999 0.04078000
-0.03219000 0.55669999 -0.04244000
-0.04926000 0.11450000 0.00924000
0.03641000 -0.70819998 0.01646000
-0.04774000 0.13869999 -0.02278000
-0.04625000 0.01367000 -0.02605000
0.01645000 0.59189999 0.03641000
-0.05135000 0.35229999 -0.00522500
-0.01032000 -0.29769999 -0.05106000
0.04174000 0.38409999 -0.00523700
-0.04774000 -0.74390000 -0.02278000
-0.04801000 0.37880000 0.01283000
-0.04022000 -0.55669999 -0.03507000
0.03258000 0.60430002 0.02257000
0.03641000 -0.54439998 0.01646000
-0.04454000 0.38049999 -0.02912000
-0.04774000 -0.45850000 -0.02278000
0.04018000 -0.50910002 -0.01529000
-0.04774000 0.25500000 -0.02278000
-0.03775000 -0.28540000 -0.03778000
0.01280000 -0.07046000 -0.04802000
0.00459700 -0.53549999 -0.05045000
-0.03504000 0.12510000 -0.04025000
0.01263000 -0.14450000 -0.04810000
0.04111000 -0.39809999 -0.01042000
0.02849000 -0.06694000 0.02852000
0.02804000 0.09865000 -0.03824000
0.03703000 0.00529200 0.01672000
-0.03219000 -0.39989999 -0.04244000
-0.03560000 0.42100000 0.03012000
0.03013000 -0.64120001 -0.03560000
-0.05118000 -0.75220001 -0.00012500
-0.01930000 0.36950001 -0.04906000
-0.02345000 -0.47740000 0.03746000
-0.04047000 0.39460000 0.02550000
0.02235000 -0.20790000 -0.04287000
0.03258000 0.44040000 0.02257000
0.01918000 -0.70469999 -0.04491000
0.02235000 0.28889999 -0.04287000
0.02227000 -0.35589999 -0.04293000
-0.04287000 -0.14970000 0.02235000
-0.04683000 -0.30300000 0.01561000
-0.03504000 -0.80510002 -0.04025000
0.02804000 -0.39289999 -0.03824000
0.03887000 -0.09688000 -0.01987000
0.03223000 -0.27660000 -0.03287000
0.03620000 -0.18140000 -0.02687000
-0.03824000 0.28360000 0.02804000
-0.04625000 0.41530001 -0.02605000
0.03778000 -0.30300000 -0.02353000
-0.04801000 -0.64120001 0.01283000
-0.02343000 0.61659998 0.03747000
-0.02686000 0.46860000 0.03620000
-0.04287000 0.25720000 0.02235000
0.02824000 -0.66420001 0.02830000
-0.02960000 -0.65710002 0.03412000
0.01284000 0.45280001 -0.04801000
0.03197000 -0.70469999 -0.03267000
-0.05118000 -0.25540000 -0.00012500
-0.02346000 -0.41929999 0.03746000
-0.03560000 0.35229999 0.03012000
0.02804000 0.06694000 -0.03824000
0.02575000 0.20610000 0.03060000
0.03778000 0.43160000 -0.02353000
-0.01043000 -0.49329999 0.04145000
-0.05106000 -0.59369999 -0.01032000
0.04111000 -0.62010002 -0.01042000
-0.05106000 0.17790000 -0.01032000
-0.04625000 -0.39330000 -0.02605000
0.04111000 -0.11270000 -0.01041000
-0.04022000 -0.62540001 -0.03507000
-0.04801000 0.03524000 0.01283000
0.02595000 -0.08984000 0.03086000
0.03526000 0.22020000 0.01975000
-0.05118000 -0.19200000 -0.00012500
0.03468000 0.46329999 0.01942000
-0.01043000 -0.19200000 0.04145000
0.04173000 -0.54079998 -0.00525000
-0.05135000 -0.50910002 -0.00522500
-0.05017000 -0.86849999 -0.01514000
0.01330000 -0.06693000 0.03855000
-0.01032000 -0.78390002 -0.05106000
0.04111000 -0.17620000 0.00485900
0.04123000 0.24140000 -0.00007400
0.03956000 -0.37700000 0.00946100
-0.04454000 0.45980000 -0.02912000
-0.01514000 -0.50379997 -0.05017000
-0.05118000 0.33649999 -0.00012500
-0.00012500 -0.26069999 -0.05118000
-0.05118000 -0.56720001 -0.00012500
-0.00012500 0.61659998 -0.05118000
-0.00012500 0.41049999 -0.05118000
0.03887000 0.03524000 -0.01987000
0.04189000 -0.34529999 -0.00007400
0.04018000 -0.75749999 -0.01529000
0.00924100 -0.03875000 -0.04926000
0.00479200 0.37880000 0.04078000
0.00479200 0.34709999 0.04078000
-0.01537000 -0.31360000 0.04084000
0.01955000 -0.12860000 0.03500000
0.01918000 0.18850000 -0.04491000
-0.05045000 -0.11800000 0.00459500
-0.04491000 -0.57779998 0.01917000
-0.04491000 0.08809000 0.01917000
0.03057000 -0.04756000 0.02578000
0.02235000 0.36289999 -0.04287000
0.02550000 0.15680000 -0.04047000
-0.04926000 -0.72579998 0.00924000
-0.02960000 -0.75220001 0.03412000
-0.04906000 0.08413000 -0.01929000
-0.03219000 0.50389999 -0.04244000
0.00924100 0.02995000 -0.04926000
0.03197000 0.01939000 -0.03267000
0.02550000 0.12510000 -0.04047000
-0.03286000 0.18320000 0.03223000
-0.04658000 0.45280001 0.01619000
0.03258000 -0.49500000 0.02259000
-0.02960000 -0.35580000 0.03412000
-0.03552000 -0.12330000 0.03019000
0.01918000 0.59020001 -0.04491000
-0.02912000 0.40169999 -0.04454000
0.03793000 -0.75929999 0.01305000
-0.02912000 -0.54960001 -0.04454000
0.03016000 -0.09160000 -0.03556000
-0.03504000 0.01410000 -0.04025000
-0.01537000 -0.36109999 0.04084000
0.04018000 -0.34000000 -0.01529000
-0.05045000 0.32060000 0.00459700
-0.03560000 -0.78390002 0.03012000
-0.03560000 -0.18670000 0.03012000
0.04111000 -0.29240000 0.00485900
0.03442000 -0.24490000 -0.02975000
0.03415000 0.18850000 -0.02955000
0.04123000 0.50029999 -0.00007400
0.03013000 0.24660000 -0.03559000
0.03415000 -0.78920001 -0.02955000
-0.03824000 -0.45100001 0.02804000
0.00870300 -0.28709999 -0.04948000
-0.01514000 0.20440000 -0.05017000
-0.05118000 -0.43509999 -0.00012500
-0.05017000 0.02467000 -0.01514000
0.02288000 -0.02994000 0.03299000
-0.00012500 -0.46149999 -0.05118000
-0.01520000 0.45280001 0.04020000
-0.04625000 -0.35100001 -0.02605000
0.01940000 0.32589999 0.03470000
-0.00012500 0.59020001 -0.05118000
0.00479200 0.45280001 0.04078000
0.02824000 -0.78039998 0.02830000
0.04078000 0.20440000 0.00479100
0.04189000 -0.23430000 -0.00007400
-0.05135000 0.27309999 -0.00522500
0.04174000 0.29949999 -0.00523700
0.00459700 -0.39280000 -0.05045000
0.02804000 0.50559998 -0.03824000
-0.05106000 0.46860000 -0.01032000
0.04111000 -0.63599998 -0.01042000
0.01940000 -0.58310002 0.03470000
-0.01043000 -0.69410002 0.04145000
-0.02912000 -0.14800000 -0.04454000
0.00483900 -0.09689000 0.04111000
-0.04022000 0.07224000 -0.03507000
-0.02346000 -0.06517000 0.03746000
-0.01032000 0.08281000 -0.05106000
-0.03775000 0.10570000 -0.03778000
-0.00006300 0.00881200 0.04156000
0.02235000 -0.00704500 -0.04287000
0.01284000 0.06166000 -0.04801000
-0.02605000 0.06652000 -0.04625000
0.04078000 0.48449999 0.00479100
-0.05045000 -0.40340000 0.00459700
-0.01032000 -0.05989000 -0.05106000
0.03641000 -0.57080001 0.01646000
-0.05045000 -0.20790000 0.00459100
0.00479200 0.51090002 0.04078000
-0.01994000 0.05110000 0.03918000
-0.04499000 -0.37169999 0.01907000
-0.04812000 -0.16560000 0.01257000
0.03468000 0.50029999 0.01942000
-0.01531000 -0.12330000 0.04051000
0.04018000 -0.81569999 -0.01529000
0.03012000 -0.41929999 -0.03560000
0.04111000 -0.27129999 -0.01042000
0.00946000 -0.50379997 0.03956000
-0.00520900 0.52670002 0.04140000
-0.01527000 -0.65710002 0.04052000
-0.04801000 -0.55140001 0.01283000
-0.00520900 0.14090000 0.04140000
0.01284000 -0.87379998 -0.04801000
-0.02975000 0.51090002 0.03442000
-0.05045000 -0.65710002 0.00459700
-0.00522400 0.27840000 -0.05135000
-0.05017000 -0.57249999 -0.01514000
-0.05017000 -0.67299998 -0.01514000
-0.05017000 -0.19730000 -0.01514000
-0.02605000 -0.52010000 -0.04625000
0.01619000 0.22550000 -0.04658000
0.02804000 0.08280000 -0.03824000
-0.02605000 -0.84249997 -0.04625000
-0.05017000 0.52149999 -0.01514000
0.01619000 -0.84210002 -0.04658000
0.01918000 -0.67820001 -0.04491000
-0.03824000 0.09866000 0.02804000
0.03953000 0.16740000 0.00955800
-0.03560000 -0.68349999 0.03012000
0.04051000 -0.00175700 -0.01532000
-0.03560000 -0.81559998 0.03012000
-0.01531000 0.02467000 0.04051000
0.04111000 -0.19200000 0.00485900
-0.04491000 0.17790000 0.01917000
0.04051000 0.35760000 -0.01532000
0.02278000 -0.24130000 0.03286000
0.03012000 -0.22370000 -0.03560000
0.03286000 -0.17260000 0.02278000
0.03793000 0.30829999 0.01305000
0.02278000 -0.44220001 0.03286000
-0.03775000 0.61309999 -0.03778000
0.01645000 -0.72399998 0.03641000
0.00955800 0.14620000 0.03953000
0.01330000 -0.21490000 0.03855000
-0.01514000 -0.66240001 -0.05017000
-0.05017000 -0.02818000 -0.01514000
-0.02912000 -0.01584000 -0.04454000
0.00944500 0.41049999 0.03922000
0.01304000 -0.83329999 0.03793000
-0.04926000 0.42629999 0.00924000
-0.00522400 -0.21320000 -0.05135000
-0.01514000 0.53200001 -0.05017000
-0.02960000 -0.88440001 0.03412000
-0.01514000 -0.55140001 -0.05017000
-0.03286000 -0.51440001 0.03223000
-0.02333000 0.25720000 0.03715000
0.03793000 -0.66409999 0.01305000
0.01284000 0.13040000 -0.04801000
0.01284000 0.35229999 -0.04801000
-0.01514000 -0.63069999 -0.05017000
-0.00012500 -0.79979998 -0.05118000
-0.05118000 -0.36640000 -0.00012500
-0.04454000 -0.83499998 -0.02912000
0.02235000 0.43689999 -0.04287000
-0.02333000 0.31529999 0.03715000
0.03415000 0.56370002 -0.02955000
0.03442000 -0.38229999 -0.02975000
0.03197000 0.39460000 -0.03267000
0.03197000 0.28360000 -0.03267000
0.02235000 -0.73640001 -0.04287000
0.03593000 0.49500000 -0.02669000
0.02849000 -0.11450000 0.02852000
0.03415000 -0.84740001 -0.02955000
0.00946000 -0.28709999 0.03956000
-0.01043000 -0.23430000 0.04145000
-0.00004600 -0.41929999 0.04156000
0.02575000 -0.19550000 0.03060000
-0.04022000 0.17270000 -0.03507000
-0.00520900 0.40520000 0.04140000
-0.00522400 -0.37700000 -0.05135000
-0.01930000 0.43290001 -0.04906000
-0.04047000 -0.53030002 0.02550000
0.01645000 0.54960001 0.03641000
-0.03504000 0.23610000 -0.04025000
0.01955000 -0.47209999 0.03500000
-0.01032000 0.39989999 -0.05106000
-0.01032000 -0.73110002 -0.05106000
-0.04022000 0.57429999 -0.03507000
-0.04022000 -0.66240001 -0.03507000
-0.02912000 -0.78750002 -0.04454000
-0.05118000 0.00353600 -0.00012500
-0.04047000 -0.60430002 0.02550000
-0.03286000 0.37880000 0.03223000
0.04173000 -0.84210002 -0.00525000
0.04051000 0.14620000 -0.01532000
0.02550000 -0.55669999 -0.04047000
-0.02278000 -0.35810000 -0.04774000
-0.03286000 0.08281000 0.03223000
0.02550000 -0.79979998 -0.04047000
-0.04625000 -0.22939999 -0.02605000
0.01940000 0.56900001 0.03470000
0.00483900 -0.19730000 0.04111000
0.00483900 -0.54610002 0.04111000
0.03986000 0.04052000 0.00960600
-0.00522400 0.16210000 -0.05135000
0.01304000 0.63069999 0.03793000
0.01955000 0.05110000 0.03500000
-0.04926000 0.25720000 0.00924000
0.02235000 -0.03876000 -0.04287000
-0.02278000 0.31840000 -0.04774000
-0.01930000 -0.27000001 -0.04906000
-0.03775000 -0.73989999 -0.03778000
-0.00522400 0.55849999 -0.05135000
-0.04244000 0.49329999 -0.03219000
-0.02605000 -0.57830000 -0.04625000
-0.04774000 0.19690000 -0.02278000
-0.01038000 0.62190002 0.04112000
0.03778000 -0.16030000 -0.02353000
-0.04244000 -0.09864000 -0.03219000
0.01645000 0.31180000 0.03641000
0.03641000 -0.81919998 0.01646000
-0.03219000 0.59369999 -0.04244000
-0.04244000 -0.69580001 -0.03219000
0.01619000 -0.47209999 -0.04658000
-0.03824000 0.59020001 0.02804000
-0.05135000 -0.85790002 -0.00522500
-0.05017000 0.38929999 -0.01514000
-0.00522400 0.44749999 -0.05135000
-0.05135000 -0.12860000 -0.00522500
0.02575000 0.14800000 0.03060000
-0.01043000 -0.81569999 0.04145000
0.03672000 -0.50739998 0.01657000
0.00483900 -0.16030000 0.04111000
-0.03775000 0.51789999 -0.03778000
-0.03775000 -0.70819998 -0.03778000
-0.04022000 -0.03875000 -0.03507000
-0.05118000 -0.88429999 -0.00012500
-0.00012500 0.05639000 -0.05118000
-0.01930000 0.09470000 -0.04906000
-0.05135000 -0.17620000 -0.00522500
0.00944500 0.27309999 0.03922000
0.04112000 0.44749999 -0.01040000
-0.05118000 -0.53549999 -0.00012500
-0.04244000 -0.44749999 -0.03219000
0.03855000 0.10750000 0.01329000
-0.03219000 0.37700000 -0.04244000
-0.04926000 0.51620001 0.00924000
0.01645000 0.35940000 0.03641000
0.01306000 -0.61129999 0.03793000
-0.02912000 0.27480000 -0.04454000
-0.02912000 0.05286000 -0.04454000
-0.00004600 -0.32940000 0.04156000
-0.03824000 0.33120000 0.02804000
-0.02278000 -0.13609999 -0.04774000
-0.04454000 0.26960000 -0.02912000
-0.02333000 -0.82090002 0.03715000
-0.00004600 -0.45100001 0.04156000
-0.02333000 0.36820000 0.03715000
0.02276000 0.61479998 0.03286000
-0.01520000 0.60600001 0.04020000
-0.02346000 -0.18140000 0.03746000
-0.04801000 0.15150000 0.01283000
-0.05045000 0.20960000 0.00459700
0.03793000 0.53560001 0.01305000
0.04018000 -0.56199998 -0.01529000
-0.05045000 0.38929999 0.00459700
-0.02343000 0.57959998 0.03747000
0.03778000 -0.63599998 -0.02353000
-0.00012500 -0.57779998 -0.05118000
-0.00012500 0.35229999 -0.05118000
-0.00012500 -0.42980000 -0.05118000
0.04018000 -0.35589999 -0.01529000
-0.05118000 -0.38760000 -0.00012500
0.01619000 0.48449999 -0.04658000
0.00459700 0.23080000 -0.05045000
-0.05045000 -0.49329999 0.00459700
0.01619000 -0.39809999 -0.04658000
0.03620000 -0.60420001 -0.02687000
-0.04625000 -0.21359999 -0.02605000
-0.02278000 -0.43730000 -0.04774000
0.00459600 -0.09688000 -0.05045000
-0.04625000 0.22510000 -0.02605000
0.03500000 -0.25540000 0.01955000
-0.05045000 -0.31360000 0.00458500
0.02849000 0.11270000 0.02852000
0.02849000 0.12860000 0.02852000
-0.02278000 -0.08852000 -0.04774000
-0.01032000 -0.81559998 -0.05106000
-0.04774000 -0.29990000 -0.02278000
-0.04906000 0.05242000 -0.01930000
-0.04047000 -0.49860001 0.02550000
0.03468000 0.39989999 0.01942000
-0.01032000 0.24660000 -0.05106000
-0.03219000 -0.11980000 -0.04244000
0.00458900 -0.34529999 -0.05045000
-0.03219000 -0.42100000 -0.04244000
0.02804000 -0.34529999 -0.03824000
-0.04774000 -0.54299998 -0.02278000
0.03793000 -0.55839998 0.01307000
-0.01981000 0.28360000 0.03888000
0.01330000 0.02820000 0.03855000
-0.04625000 0.33080000 -0.02605000
0.02278000 -0.42629999 0.03286000
0.02804000 -0.60949999 -0.03824000
0.02804000 -0.30300000 -0.03824000
0.01940000 0.42629999 0.03470000
-0.04926000 0.60070002 0.00924000
-0.03824000 -0.07046000 0.02804000
0.03030000 -0.69230002 0.02557000
0.01645000 -0.87730002 0.03641000
0.03855000 -0.22020000 0.01331000
0.01645000 0.28540000 0.03641000
0.03641000 0.37000000 0.01646000
-0.02278000 0.12290000 -0.04774000
-0.04906000 0.30610001 -0.01930000
-0.02912000 0.44400001 -0.04454000
-0.02278000 -0.75440001 -0.04774000
0.01619000 0.33120000 -0.04658000
0.02235000 -0.48269999 -0.04287000
0.01619000 -0.63069999 -0.04658000
0.03593000 -0.88429999 -0.02669000
0.03593000 0.40520000 -0.02669000
-0.03560000 -0.04932000 0.03012000
0.02235000 0.01938000 -0.04287000
-0.02674000 0.29420000 0.03590000
0.03030000 0.53380001 0.02557000
0.02576000 0.29600000 0.03058000
0.01918000 0.55849999 -0.04491000
0.01918000 0.52149999 -0.04491000
0.02824000 -0.63770002 0.02830000
-0.02960000 -0.55669999 0.03412000
0.00483900 -0.04932000 0.04111000
-0.04801000 -0.82090002 0.01283000
0.01284000 -0.60949999 -0.04801000
-0.04801000 0.48980001 0.01283000
-0.02956000 -0.09160000 0.03415000
0.03057000 -0.31709999 0.02578000
-0.04289000 -0.32940000 0.02232000
0.03197000 -0.06517000 -0.03267000
-0.01514000 0.18850000 -0.05017000
-0.05017000 -0.81569999 -0.01514000
0.03197000 0.47920001 -0.03267000
0.03825000 -0.28360000 0.01316000
0.04078000 0.37349999 0.00479100
0.00479200 -0.79979998 0.04078000
0.00895200 -0.18140000 -0.04938000
-0.02675000 0.02467000 0.03589000
0.01619000 0.38409999 -0.04658000
-0.04047000 0.57429999 0.02550000
-0.04287000 -0.17090000 0.02235000
-0.04906000 0.50160003 -0.01930000
0.02278000 -0.22550000 0.03286000
0.01918000 0.20440000 -0.04491000
-0.05045000 0.56900001 0.00459700
-0.02912000 -0.32240000 -0.04454000
-0.03504000 -0.20260000 -0.04025000
-0.03219000 -0.67470002 -0.04244000
0.03030000 -0.53909999 0.02557000
0.03030000 -0.84560001 0.02557000
0.02276000 -0.82800001 0.03286000
-0.02912000 -0.45449999 -0.04454000
-0.02912000 0.10040000 -0.04454000
-0.02960000 0.14090000 0.03412000
0.03922000 0.46860000 0.00944500
0.00944500 0.25189999 0.03922000
0.03258000 0.26600000 0.02257000
-0.01994000 -0.03346000 0.03918000
0.03258000 -0.52149999 0.02258000
0.03778000 -0.28189999 -0.02353000
0.00924100 0.47389999 -0.04926000
0.03778000 0.30480000 -0.02353000
0.03778000 -0.05460000 -0.02353000
0.01284000 0.61129999 -0.04801000
0.02235000 -0.52499998 -0.04287000
-0.02343000 0.53200001 0.03747000
0.01601000 -0.12860000 -0.04666000
-0.03286000 -0.48269999 0.03223000
-0.03286000 -0.41400000 0.03223000
-0.02333000 -0.76279998 0.03715000
-0.03286000 0.32060000 0.03223000
-0.04022000 0.32589999 -0.03507000
0.03013000 0.61659998 -0.03559000
0.02804000 -0.78390002 -0.03824000
-0.04906000 0.62849998 -0.01930000
0.02804000 0.00880900 -0.03824000
-0.04454000 -0.05284000 -0.02912000
-0.04674000 -0.20790000 0.01583000
-0.02674000 0.20440000 0.03590000
-0.02960000 -0.33469999 0.03412000
-0.03560000 -0.37700000 0.03012000
-0.04244000 0.25020000 -0.03219000
-0.02278000 -0.25240001 -0.04774000
-0.04244000 -0.25189999 -0.03219000
0.04144000 -0.14450000 -0.01046000
0.04111000 -0.49329999 -0.01042000
0.04112000 0.16740000 -0.01040000
0.04123000 0.56900001 -0.00007400
-0.05135000 -0.28709999 -0.00522500
-0.00012500 0.11450000 -0.05118000
-0.00520900 0.08280000 0.04140000
0.04111000 -0.53030002 -0.01042000
0.01955000 -0.49849999 0.03500000
0.04189000 -0.58840001 -0.00007400
0.04018000 -0.17620000 -0.01529000
0.04112000 0.51620001 -0.01040000
0.04112000 0.18850000 -0.01040000
-0.04454000 0.29069999 -0.02912000
-0.02912000 0.32769999 -0.04454000
-0.03219000 -0.51090002 -0.04244000
0.03922000 0.44749999 0.00944500
-0.00004600 -0.31360000 0.04156000
-0.00004600 -0.27660000 0.04156000
-0.05106000 -0.77340001 -0.01032000
-0.05135000 0.53729999 -0.00522500
-0.00522400 -0.75220001 -0.05135000
-0.01537000 -0.43509999 0.04084000
0.01657000 -0.51260000 0.03673000
-0.00004600 -0.60949999 0.04156000
0.04111000 -0.08632000 0.00483800
0.00459700 -0.81559998 -0.05045000
0.00459700 0.15150000 -0.05045000
0.00459700 -0.83679998 -0.05045000
0.03887000 0.06167000 -0.01987000
-0.05045000 -0.84210002 0.00459700
-0.05045000 -0.63069999 0.00459700
-0.00012500 -0.54610002 -0.05118000
0.00459700 -0.86320001 -0.05045000
0.00459700 -0.48800001 -0.05045000
0.00459700 0.33649999 -0.05045000
0.00459700 -0.73110002 -0.05045000
-0.05118000 -0.15500000 -0.00012500
-0.04454000 0.20610000 -0.02912000
-0.02278000 0.41360000 -0.04774000
-0.02278000 -0.15719999 -0.04774000
-0.01043000 -0.35060000 0.04145000
0.03887000 -0.32940000 -0.01986000
0.03887000 -0.41400000 -0.01986000
-0.01531000 -0.02289000 0.04051000
0.02576000 0.50209999 0.03058000
-0.05017000 0.24660000 -0.01514000
0.04018000 -0.38760000 -0.01529000
0.04112000 0.10920000 -0.01040000
-0.01038000 0.01410000 0.04112000
-0.02605000 0.35190001 -0.04625000
0.03922000 -0.83149999 0.00944600
0.01645000 0.52319998 0.03641000
0.02849000 0.05461000 0.02852000
0.02849000 -0.41049999 0.02852000
-0.01983000 -0.74690002 0.03887000
0.04156000 -0.74690002 -0.00010200
-0.05118000 -0.68349999 -0.00012500
-0.01522000 -0.88440001 0.04020000
-0.01032000 -0.25540000 -0.05106000
-0.05106000 -0.18670000 -0.01032000
-0.05106000 -0.34000000 -0.01032000
-0.05106000 -0.74690002 -0.01032000
-0.05118000 0.47389999 -0.00012500
-0.05106000 0.04053000 -0.01032000
0.04051000 -0.12860000 -0.01533000
-0.04022000 -0.85259998 -0.03507000
0.02824000 0.47740000 0.02830000
0.02824000 0.34529999 0.02830000
-0.04047000 -0.87379998 0.02550000
0.04173000 -0.82620001 -0.00525000
0.03223000 -0.53549999 -0.03287000
0.01328000 0.11280000 0.03855000
-0.04625000 0.06123000 -0.02605000
0.04174000 0.04581000 -0.00523700
-0.04022000 -0.34529999 -0.03507000
-0.03219000 0.48269999 -0.04244000
-0.04625000 -0.13959999 -0.02605000
-0.04625000 -0.77380002 -0.02605000
-0.01930000 -0.21709999 -0.04906000
-0.01930000 0.15809999 -0.04906000
-0.02605000 -0.81610000 -0.04625000
-0.01531000 0.06167000 0.04051000
0.03197000 0.37349999 -0.03267000
0.04173000 -0.36640000 -0.00525000
0.04111000 -0.53549999 0.00485900
-0.03775000 0.38580000 -0.03778000
0.00481300 -0.87910002 0.04078000
-0.00523700 -0.82620001 0.04173000
0.03258000 -0.82800001 0.02257000
-0.00520900 0.16740000 0.04140000
-0.01520000 0.24660000 0.04020000
-0.00520900 -0.09160000 0.04140000
0.00483900 0.05109000 0.04111000
0.01955000 -0.33469999 0.03500000
-0.00520900 0.37349999 0.04140000
0.00479200 0.12510000 0.04078000
0.04111000 -0.15500000 0.00485900
-0.01930000 -0.05328000 -0.04906000
0.01304000 -0.75929999 0.03793000
0.04078000 -0.85270000 0.00479800
-0.05106000 0.07752000 -0.01032000
-0.04287000 -0.59369999 0.02235000
-0.04287000 -0.26069999 0.02235000
0.02550000 0.27829999 -0.04047000
-0.05106000 -0.70469999 -0.01032000
-0.01032000 -0.17620000 -0.05106000
0.01316000 -0.27309999 0.03825000
-0.01514000 -0.36640000 -0.05017000
-0.05017000 0.37349999 -0.01514000
-0.05135000 0.11450000 -0.00522500
-0.05135000 -0.81040001 -0.00522500
-0.05017000 0.59549999 -0.01514000
-0.04047000 -0.09160000 0.02550000
0.03887000 -0.66240001 -0.01986000
0.03887000 -0.54079998 -0.01986000
0.03887000 -0.31360000 -0.01986000
-0.02975000 0.54790002 0.03442000
-0.03288000 0.52149999 0.03223000
0.03778000 0.33120000 -0.02353000
0.03442000 -0.20790000 -0.02975000
0.01284000 0.26249999 -0.04801000
0.00924100 -0.44040000 -0.04926000
0.03415000 -0.69410002 -0.02955000
-0.04801000 0.12510000 0.01283000
-0.04491000 -0.63069999 0.01917000
0.01586000 -0.19730000 -0.04672000
0.03415000 0.04053000 -0.02955000
0.03780000 0.16210000 -0.02350000
0.03500000 -0.06518000 0.01955000
0.02235000 -0.86320001 -0.04287000
-0.04287000 0.13040000 0.02235000
0.03778000 -0.85790002 -0.02353000
-0.02333000 -0.62540001 0.03715000
-0.02333000 -0.60420001 0.03715000
-0.02661000 0.11450000 0.03595000
-0.05045000 0.23610000 0.00459700
-0.05045000 0.54790002 0.00459700
0.00459700 0.21490000 -0.05045000
-0.00522400 -0.76810002 -0.05135000
0.04078000 0.42100000 0.00479100
-0.00522400 -0.00174900 -0.05135000
0.00459000 -0.23960000 -0.05045000
-0.00522400 -0.31360000 -0.05135000
0.01284000 0.28360000 -0.04801000
0.00924100 -0.41929999 -0.04926000
0.03415000 0.38409999 -0.02955000
-0.04926000 -0.69940001 0.00924000
-0.03286000 -0.64649999 0.03223000
-0.02960000 -0.69940001 0.03412000
-0.03286000 0.13040000 0.03223000
0.03201000 -0.10220000 -0.03262000
-0.03561000 0.44220001 0.03012000
0.03986000 -0.10220000 0.00960600
0.03083000 0.02643000 0.02598000
0.01619000 0.57959998 -0.04658000
-0.01996000 -0.40340000 0.03918000
-0.04658000 -0.67820001 0.01619000
0.03070000 -0.02643000 0.02588000
-0.04047000 0.24140000 0.02550000
0.03442000 -0.34000000 -0.02975000
-0.03824000 -0.74169999 0.02804000
-0.03824000 -0.69410002 0.02804000
-0.01038000 0.04581000 0.04112000
-0.01994000 -0.04932000 0.03918000
-0.01983000 -0.64649999 0.03887000
-0.01983000 -0.70469999 0.03887000
0.02575000 -0.15330000 0.03060000
0.03057000 -0.28540000 0.02578000
-0.04244000 0.31360000 -0.03219000
0.04112000 0.34709999 -0.01040000
0.03956000 -0.34000000 0.00946100
0.01330000 0.06519000 0.03855000
0.03013000 -0.75220001 -0.03559000
0.03013000 0.42629999 -0.03559000
-0.04491000 0.28360000 0.01917000
0.03013000 0.19910000 -0.03559000
-0.03560000 -0.21840000 0.03012000
-0.04774000 -0.10440000 -0.02278000
0.02576000 -0.87730002 0.03058000
0.03641000 0.28009999 0.01646000
0.03641000 0.58660001 0.01646000
-0.03775000 0.03172000 -0.03778000
0.00944500 0.42629999 0.03922000
-0.05118000 -0.72049999 -0.00012500
-0.04926000 -0.54079998 0.00924000
-0.04926000 0.05109000 0.00924000
0.03197000 0.10920000 -0.03267000
-0.04625000 -0.52539998 -0.02605000
-0.04625000 -0.41440001 -0.02605000
-0.04625000 -0.31400001 -0.02605000
0.00924100 -0.59899998 -0.04926000
0.03887000 -0.58840001 -0.01986000
-0.04926000 -0.81040001 0.00924000
0.03197000 -0.72579998 -0.03267000
-0.04906000 -0.83550000 -0.01930000
-0.04774000 -0.48490000 -0.02278000
-0.02278000 0.59329998 -0.04774000
-0.04287000 -0.12330000 0.02235000
0.01284000 -0.35589999 -0.04801000
0.00924100 -0.37700000 -0.04926000
0.03013000 0.34180000 -0.03559000
-0.04298000 -0.38760000 0.02221000
-0.03560000 0.25720000 0.03012000
0.02235000 -0.43509999 -0.04287000
0.03012000 -0.18140000 -0.03560000
-0.04940000 -0.19730000 0.00891400
0.02804000 0.52670002 -0.03824000
0.03013000 0.59020001 -0.03559000
0.03442000 -0.47209999 -0.02975000
0.02804000 -0.58840001 -0.03824000
-0.03824000 0.51090002 0.02804000
0.02804000 -0.24490000 -0.03824000
0.03606000 -0.12330000 -0.02678000
0.01610000 -0.09160000 -0.04662000
-0.00007700 -0.83679998 0.04123000
-0.04801000 -0.86320001 0.01283000
0.04112000 0.62190002 -0.01038000
0.02276000 -0.61659998 0.03286000
0.03593000 -0.76279998 -0.02669000
0.02276000 0.62540001 0.03286000
0.01284000 -0.62010002 -0.04801000
-0.01527000 -0.72579998 0.04052000
-0.02333000 -0.77340001 0.03715000
-0.04774000 -0.87599999 -0.02278000
-0.01520000 0.50029999 0.04020000
0.04078000 -0.79979998 0.00481200
-0.04658000 0.55320001 0.01619000
-0.05017000 -0.58310002 -0.01514000
-0.02605000 -0.80549997 -0.04625000
0.00479200 0.50029999 0.04078000
-0.03219000 -0.24660000 -0.04244000
0.00459500 -0.11800000 -0.05045000
0.02576000 0.46509999 0.03058000
0.00459700 0.42629999 -0.05045000
0.00458700 -0.29769999 -0.05045000
-0.03560000 -0.19730000 0.03012000
0.03526000 0.14620000 0.01976000
-0.02912000 -0.46509999 -0.04454000
0.03703000 -0.24310000 0.01672000
0.02849000 -0.27309999 0.02852000
-0.05017000 -0.37700000 -0.01514000
-0.04022000 -0.40340000 -0.03507000
-0.00004600 -0.34529999 0.04156000
-0.00004600 -0.37700000 0.04156000
-0.00520900 0.39460000 0.04140000
-0.05106000 0.18850000 -0.01032000
-0.00009100 0.29420000 0.04123000
0.00946000 -0.36109999 0.03956000
-0.03824000 -0.44040000 0.02804000
0.03012000 -0.40869999 -0.03560000
0.01328000 0.20790000 0.03855000
0.01284000 0.11980000 -0.04801000
-0.03824000 -0.35060000 0.02804000
0.02849000 -0.12510000 0.02852000
-0.02605000 0.17749999 -0.04625000
0.03778000 0.44220001 -0.02353000
-0.04906000 -0.61879998 -0.01930000
-0.04906000 0.61790001 -0.01929000
0.02804000 -0.67820001 -0.03824000
0.03593000 0.63249999 -0.02669000
-0.05135000 -0.65179998 -0.00522500
-0.05045000 -0.59369999 0.00459700
0.01940000 0.57959998 0.03470000
0.03415000 0.57429999 -0.02955000
-0.02912000 -0.62360001 -0.04454000
-0.04047000 -0.86320001 0.02550000
-0.04022000 -0.63599998 -0.03507000
-0.02278000 -0.69099998 -0.04774000
-0.03560000 0.29420000 0.03012000
0.03778000 0.08809000 -0.02353000
0.03526000 0.07752000 0.01976000
-0.05118000 0.02996000 -0.00012500
-0.00520900 0.06695000 0.04140000
-0.04926000 -0.01233000 0.00924000
-0.02346000 -0.00175400 0.03746000
-0.05017000 0.01410000 -0.01514000
-0.04801000 0.02467000 0.01283000
0.03526000 0.09866000 0.01976000
0.02278000 0.07575000 0.03286000
-0.01032000 -0.07574000 -0.05106000
0.02849000 -0.07751000 0.02852000
-0.00522400 0.00882100 -0.05135000
-0.04022000 -0.01232000 -0.03507000
-0.02960000 0.16740000 0.03412000
-0.02960000 0.09866000 0.03412000
0.01619000 0.09866000 -0.04658000
0.01605000 -0.11270000 -0.04664000
-0.01043000 -0.63069999 0.04145000
-0.02605000 0.61089998 -0.04625000
0.03030000 -0.54960001 0.02557000
0.04078000 -0.64120001 0.00481200
0.02235000 -0.28189999 -0.04287000
-0.04244000 -0.47389999 -0.03219000
0.03030000 0.57609999 0.02557000
0.02278000 -0.32060000 0.03286000
0.01918000 -0.17620000 -0.04491000
-0.00522400 0.20970000 -0.05135000
-0.04491000 0.16740000 0.01917000
0.03778000 -0.14970000 -0.02353000
-0.00523700 -0.21840000 0.04173000
-0.04287000 -0.18140000 0.02235000
-0.05106000 -0.22370000 -0.01032000
-0.01038000 0.21490000 0.04112000
-0.03560000 0.20960000 0.03012000
-0.05045000 -0.13390000 0.00459400
-0.03775000 -0.15330000 -0.03778000
-0.03286000 -0.14970000 0.03223000
0.02278000 -0.45269999 0.03286000
-0.00012500 -0.45100001 -0.05118000
-0.00004600 -0.39809999 0.04156000
-0.01038000 0.31529999 0.04112000
-0.01981000 0.34180000 0.03888000
-0.05045000 -0.50379997 0.00459700
0.02576000 -0.72399998 0.03058000
0.03223000 -0.57779998 -0.03287000
0.03526000 0.18320000 0.01976000
0.01955000 -0.20260000 0.03500000
-0.01043000 -0.45100001 0.04145000
0.04111000 -0.25020000 -0.01042000
0.03956000 -0.40340000 0.00946100
0.03030000 0.40700001 0.02557000
0.03468000 -0.87379998 0.01942000
-0.01043000 -0.75749999 0.04145000
-0.00007400 -0.77869999 0.04123000
0.03641000 0.56019998 0.01646000
0.00944500 0.54259998 0.03922000
0.01645000 -0.68180001 0.03641000
-0.01537000 -0.22370000 0.04084000
-0.02346000 -0.31889999 0.03746000
-0.01527000 -0.55140001 0.04052000
-0.05106000 -0.25540000 -0.01032000
-0.05106000 -0.45629999 -0.01032000
-0.05106000 -0.15500000 -0.01032000
-0.02346000 -0.12860000 0.03746000
-0.01520000 0.26249999 0.04020000
-0.01520000 0.53729999 0.04020000
-0.02332000 0.44220001 0.03716000
-0.04047000 -0.70999998 0.02550000
-0.03286000 0.07224000 0.03223000
-0.04047000 -0.76810002 0.02550000
0.04173000 -0.42460001 -0.00525000
-0.04906000 -0.68220001 -0.01930000
-0.01930000 -0.59759998 -0.04906000
-0.04022000 0.45280001 -0.03507000
0.04051000 -0.05989000 -0.01532000
-0.00520900 -0.10750000 0.04140000
0.04051000 0.08280000 -0.01532000
-0.04625000 -0.70510000 -0.02605000
-0.04906000 -0.20660000 -0.01929000
-0.04906000 0.53860003 -0.01930000
0.00459700 0.54259998 -0.05045000
0.01284000 -0.65710002 -0.04801000
0.00459700 0.50559998 -0.05045000
0.00459700 0.13570000 -0.05045000
0.01284000 -0.64649999 -0.04801000
0.01284000 -0.68879998 -0.04801000
0.00459700 0.55320001 -0.05045000
0.03526000 0.06166000 0.01976000
-0.04801000 0.61659998 0.01283000
-0.04801000 -0.41400000 0.01283000
0.03778000 -0.23430000 -0.02353000
0.03778000 -0.75220001 -0.02353000
0.03641000 0.32240000 0.01646000
-0.05045000 0.34709999 0.00459700
0.03778000 -0.42980000 -0.02353000
-0.04906000 0.48050001 -0.01930000
-0.01930000 -0.73509997 -0.04906000
-0.04906000 -0.80379999 -0.01929000
-0.01929000 0.25850001 -0.04906000
-0.04906000 -0.01100000 -0.01930000
-0.01930000 0.14229999 -0.04906000
-0.01032000 0.11450000 -0.05106000
-0.00522400 -0.58840001 -0.05135000
-0.05017000 -0.64120001 -0.01514000
-0.05135000 0.16210000 -0.00522500
-0.00522400 0.19380000 -0.05135000
-0.00522400 -0.09688000 -0.05135000
-0.01996000 -0.23430000 0.03918000
-0.04625000 -0.68919998 -0.02605000
-0.03219000 0.18680000 -0.04244000
-0.02605000 0.53689998 -0.04625000
0.00944500 0.32589999 0.03922000
0.04112000 0.22550000 -0.01040000
0.00946000 -0.41929999 0.03956000
-0.04454000 -0.75050002 -0.02912000
-0.02912000 -0.77689999 -0.04454000
-0.02278000 -0.03567000 -0.04774000
-0.02912000 0.47040001 -0.04454000
-0.04454000 -0.29069999 -0.02912000
0.03258000 -0.48449999 0.02259000
-0.04244000 0.26069999 -0.03219000
0.03825000 -0.36820000 0.01316000
0.01955000 -0.39280000 0.03500000
0.03500000 -0.44040000 0.01955000
0.01940000 -0.75220001 0.03470000
0.00945500 -0.62010002 0.03922000
0.01304000 -0.70109999 0.03793000
0.00944500 -0.84210002 0.03922000
0.03312000 0.22900000 0.02297000
0.03468000 -0.59369999 0.01942000
0.03286000 -0.37349999 0.02278000
0.00924100 -0.46160001 -0.04926000
0.00924100 -0.74169999 -0.04926000
0.00924100 -0.85259998 -0.04926000
-0.04906000 -0.23830000 -0.01930000
-0.01930000 0.48580000 -0.04906000
-0.01930000 0.39590001 -0.04906000
-0.02912000 -0.41220000 -0.04454000
-0.03219000 0.41400000 -0.04244000
-0.03219000 0.39289999 -0.04244000
-0.03504000 -0.37169999 -0.04025000
-0.04244000 0.00705800 -0.03219000
0.04111000 -0.04404000 0.00483800
-0.04244000 -0.61659998 -0.03219000
-0.04022000 0.58490002 -0.03507000
-0.03219000 -0.86500001 -0.04244000
-0.04625000 0.12989999 -0.02605000
-0.04625000 -0.11320000 -0.02605000
-0.04774000 -0.13079999 -0.02278000
-0.02605000 0.30960000 -0.04625000
0.01316000 -0.29949999 0.03825000
0.03793000 0.34000000 0.01305000
-0.04047000 0.43160000 0.02550000
-0.04047000 0.08280000 0.02550000
-0.04491000 0.07752000 0.01917000
-0.04906000 -0.72979999 -0.01930000
-0.01032000 0.36820000 -0.05106000
-0.01032000 -0.72049999 -0.05106000
-0.02669000 0.15150000 0.03591000
-0.04926000 0.58490002 0.00924000
-0.04658000 -0.72049999 0.01619000
0.01619000 -0.82090002 -0.04658000
-0.04658000 -0.02818000 0.01619000
0.03593000 0.06696000 -0.02669000
-0.04681000 -0.28189999 0.01566000
-0.02605000 0.04009000 -0.04625000
0.02235000 0.49500000 -0.04287000
0.02804000 -0.86849999 -0.03824000
-0.04022000 0.13040000 -0.03507000
0.01330000 -0.08279000 0.03855000
0.02804000 -0.28720000 -0.03824000
0.03012000 -0.31360000 -0.03560000
0.03415000 0.34709999 -0.02955000
0.03013000 -0.00175500 -0.03559000
0.04111000 -0.44569999 0.00485900
-0.03560000 -0.66240001 0.03012000
0.03620000 -0.19200000 -0.02687000
0.03223000 -0.35589999 -0.03287000
-0.04287000 0.44749999 0.02235000
-0.04658000 -0.58840001 0.01619000
0.01619000 0.43160000 -0.04658000
-0.04287000 0.54790002 0.02235000
-0.04287000 0.33649999 0.02235000
0.02824000 -0.57959998 0.02830000
0.02235000 0.00352500 -0.04287000
0.02849000 -0.42100000 0.02852000
0.02849000 -0.38929999 0.02852000
0.03593000 0.05639000 -0.02669000
-0.02674000 -0.71520001 0.03590000
-0.02674000 -0.86320001 0.03590000
0.02824000 0.36640000 0.02830000
-0.02675000 -0.28709999 0.03589000
0.03223000 -0.59899998 -0.03287000
-0.02675000 0.04053000 0.03589000
0.02278000 -0.27829999 0.03286000
0.02824000 -0.48969999 0.02830000
0.01918000 -0.06518000 -0.04491000
0.03442000 -0.30829999 -0.02975000
0.03442000 -0.63069999 -0.02975000
-0.04491000 -0.64649999 0.01917000
-0.04491000 0.38409999 0.01917000
0.01918000 0.06695000 -0.04491000
-0.04491000 -0.04932000 0.01917000
0.01918000 0.05109000 -0.04491000
0.03415000 0.43689999 -0.02955000
0.03778000 -0.84210002 -0.02353000
-0.02975000 0.61129999 0.03442000
0.03442000 -0.42460001 -0.02975000
-0.02960000 -0.22370000 0.03412000
-0.02346000 -0.17090000 0.03746000
-0.04491000 -0.70469999 0.01917000
0.01918000 0.24660000 -0.04491000
-0.02960000 -0.07046000 0.03412000
-0.02960000 -0.82620001 0.03412000
-0.02333000 -0.73640001 0.03715000
-0.04801000 -0.36109999 0.01283000
0.02575000 0.19560000 0.03060000
-0.02343000 0.45280001 0.03747000
-0.02332000 0.17270000 0.03716000
0.02575000 -0.02113000 0.03060000
-0.03286000 -0.23430000 0.03223000
-0.03286000 -0.44569999 0.03223000
-0.03824000 -0.47740000 0.02804000
0.02804000 -0.73110002 -0.03824000
0.02804000 -0.69940001 -0.03824000
0.03223000 -0.16030000 -0.03287000
0.03197000 0.08809000 -0.03267000
0.00459700 0.28360000 -0.05045000
-0.05045000 -0.04403000 0.00459700
-0.04801000 0.20960000 0.01283000
-0.05045000 0.15150000 0.00459700
-0.05045000 -0.78390002 0.00459700
-0.05045000 -0.60420001 0.00459700
0.03778000 -0.81559998 -0.02353000
0.03778000 -0.56199998 -0.02353000
0.02550000 0.19380000 -0.04047000
0.02550000 0.25189999 -0.04047000
-0.01520000 0.12510000 0.04020000
-0.04047000 -0.82090002 0.02550000
-0.03560000 0.36289999 0.03012000
-0.03560000 0.05638000 0.03012000
0.02576000 -0.86150002 0.03058000
0.03030000 -0.71880001 0.02557000
0.02550000 0.59539998 -0.04047000
-0.04047000 0.41580001 0.02550000
0.03986000 -0.23960000 0.00960600
0.03083000 0.15330000 0.02598000
0.02575000 0.10040000 0.03060000
0.01645000 0.26949999 0.03641000
0.01645000 0.40700001 0.03641000
0.00944500 0.28889999 0.03922000
-0.04453000 0.33829999 -0.02912000
-0.04625000 0.37300000 -0.02605000
-0.04625000 -0.84249997 -0.02605000
-0.05045000 -0.18140000 0.00459200
-0.04244000 0.18680000 -0.03219000
-0.04244000 -0.20960000 -0.03219000
-0.04244000 0.01763000 -0.03219000
-0.02912000 0.20080000 -0.04454000
-0.02605000 -0.79490000 -0.04625000
-0.04453000 0.16910000 -0.02912000
-0.02605000 -0.16599999 -0.04625000
-0.02605000 0.33610001 -0.04625000
-0.04625000 -0.04447000 -0.02605000
-0.04906000 -0.39680001 -0.01929000
-0.02605000 0.11410000 -0.04625000
-0.02912000 -0.87730002 -0.04454000
-0.03504000 -0.63069999 -0.04025000
-0.04774000 0.55629998 -0.02278000
0.03258000 -0.51090002 0.02259000
-0.04244000 -0.16730000 -0.03219000
0.03286000 -0.34709999 0.02278000
0.01328000 0.15500000 0.03855000
0.01940000 0.37880000 0.03470000
0.03855000 0.18670000 0.01329000
0.03855000 0.12330000 0.01329000
-0.03219000 -0.38400000 -0.04244000
-0.03219000 0.51440001 -0.04244000
0.03286000 -0.07223000 0.02278000
0.03825000 -0.42100000 0.01316000
-0.04906000 0.18979999 -0.01929000
-0.02278000 -0.26289999 -0.04774000
0.03641000 -0.58139998 0.01646000
-0.04244000 -0.74339998 -0.03219000
-0.04244000 0.46689999 -0.03219000
-0.03219000 0.28189999 -0.04244000
-0.03219000 0.42989999 -0.04244000
0.03468000 -0.66769999 0.01942000
-0.03775000 -0.19550000 -0.03778000
-0.03504000 0.33120000 -0.04025000
0.01940000 -0.73640001 0.03470000
0.02595000 -0.03699000 0.03086000
0.01671000 -0.07398000 0.03703000
-0.01929000 -0.00043400 -0.04906000
0.01304000 0.31889999 0.03793000
-0.04244000 0.03877000 -0.03219000
0.03468000 0.33649999 0.01942000
0.03258000 0.49329999 0.02257000
0.03468000 0.61129999 0.01942000
-0.03504000 -0.33469999 -0.04025000
-0.04774000 0.21799999 -0.02278000
-0.02278000 -0.52719998 -0.04774000
-0.02605000 -0.35100001 -0.04625000
0.01304000 0.51440001 0.03793000
-0.04826000 -0.31360000 0.01222000
0.01947000 0.22550000 0.03485000
-0.04906000 -0.46550000 -0.01929000
-0.04454000 -0.45449999 -0.02912000
-0.04244000 0.51440001 -0.03219000
-0.04022000 -0.09160000 -0.03507000
-0.03775000 0.26949999 -0.03778000
0.01657000 -0.40689999 0.03673000
-0.04244000 -0.42100000 -0.03219000
0.03468000 -0.73640001 0.01942000
0.03030000 -0.78750002 0.02557000
-0.05017000 0.49500000 -0.01514000
-0.01514000 0.23080000 -0.05017000
-0.01930000 -0.49720001 -0.04906000
-0.04906000 0.52810001 -0.01929000
-0.04774000 0.40830001 -0.02278000
0.03672000 -0.26949999 0.01657000
0.01657000 -0.48620000 0.03673000
0.03083000 0.22200000 0.02598000
0.03030000 0.30129999 0.02557000
0.02576000 0.32769999 0.03058000
0.02576000 0.25900000 0.03058000
0.02576000 -0.59719998 0.03058000
0.01940000 0.29420000 0.03470000
0.02576000 -0.80330002 0.03058000
0.00944500 0.35760000 0.03922000
0.03922000 -0.70990002 0.00944600
-0.04047000 0.29949999 0.02550000
0.01918000 -0.54079998 -0.04491000
0.01918000 0.32060000 -0.04491000
0.02298000 -0.04580000 0.03312000
0.01671000 -0.03170000 0.03703000
-0.04454000 -0.72399998 -0.02912000
-0.04454000 -0.06341000 -0.02912000
-0.04022000 -0.29240000 -0.03507000
-0.04454000 -0.85089999 -0.02912000
0.01657000 -0.28009999 0.03673000
-0.04625000 -0.17659999 -0.02605000
-0.01929000 0.08413000 -0.04906000
-0.03504000 0.39989999 -0.04025000
0.01657000 -0.31180000 0.03673000
-0.02605000 -0.27169999 -0.04625000
0.03620000 -0.41400000 -0.02687000
-0.03775000 -0.44920000 -0.03778000
-0.03219000 -0.70639998 -0.04244000
-0.03775000 0.37520000 -0.03778000
0.02276000 0.31360000 0.03286000
-0.03775000 -0.86669999 -0.03778000
0.01619000 0.16210000 -0.04658000
0.01619000 0.27309999 -0.04658000
0.01645000 0.37000000 0.03641000
0.03258000 -0.70639998 0.02257000
-0.01043000 -0.86849999 0.04145000
0.03887000 0.49500000 -0.01987000
-0.00523700 -0.68879998 0.04173000
-0.01043000 -0.20260000 0.04145000
0.04174000 0.18320000 -0.00523700
0.04112000 0.09338000 -0.01040000
0.04174000 0.46329999 -0.00523700
0.04174000 -0.04932000 -0.00523700
-0.01038000 0.11450000 0.04112000
-0.00520900 0.55320001 0.04140000
-0.00010100 -0.86849999 0.04156000
-0.00006300 0.06166000 0.04156000
0.03468000 0.41580001 0.01942000
0.03793000 0.48269999 0.01305000
-0.00520900 0.32060000 0.04140000
-0.00009100 0.41049999 0.04123000
0.03793000 -0.61129999 0.01306000
-0.04244000 -0.33649999 -0.03219000
-0.01032000 0.15680000 -0.05106000
-0.05135000 -0.40340000 -0.00522500
-0.05135000 -0.59899998 -0.00522500
-0.05135000 -0.51969999 -0.00522500
-0.05135000 -0.44040000 -0.00522500
-0.05135000 -0.36109999 -0.00522500
0.01940000 -0.78920001 0.03470000
-0.00012500 -0.36640000 -0.05118000
-0.00522400 0.33120000 -0.05135000
-0.00012500 0.45280001 -0.05118000
-0.00012500 -0.20790000 -0.05118000
-0.00522400 -0.33469999 -0.05135000
-0.00523700 -0.71520001 0.04173000
-0.00522400 -0.05460000 -0.05135000
-0.05135000 -0.00174900 -0.00522500
0.04174000 0.14090000 -0.00523700
-0.00522400 -0.08102000 -0.05135000
-0.02605000 -0.50959998 -0.04625000
0.04173000 -0.25540000 -0.00525000
0.02804000 -0.02290000 -0.03824000
0.02235000 -0.30300000 -0.04287000
0.02235000 -0.68879998 -0.04287000
-0.03504000 0.57429999 -0.04025000
-0.04022000 0.23610000 -0.03507000
-0.03504000 -0.01232000 -0.04025000
-0.00012500 -0.21840000 -0.05118000
-0.01043000 -0.36640000 0.04145000
-0.01043000 -0.44040000 0.04145000
0.03012000 -0.38229999 -0.03560000
0.04018000 -0.52499998 -0.01529000
0.04144000 -0.12330000 -0.01046000
0.04018000 -0.18670000 -0.01529000
0.04018000 -0.26600000 -0.01529000
0.04111000 -0.55669999 -0.01042000
0.03197000 0.13570000 -0.03267000
0.00960600 -0.10220000 0.03986000
-0.02278000 -0.78609997 -0.04774000
0.00483900 -0.01761000 0.04111000
-0.00006300 -0.05461000 0.04156000
0.03922000 0.43160000 0.00944500
0.03986000 -0.09160000 0.00960600
0.00479200 0.62190002 0.04078000
0.00479200 0.25720000 0.04078000
0.00479200 0.24660000 0.04078000
0.00944500 0.38409999 0.03922000
-0.01038000 0.25720000 0.04112000
-0.00004600 -0.19200000 0.04156000
0.00483900 -0.35060000 0.04111000
0.00483900 -0.31889999 0.04111000
0.00479200 0.33120000 0.04078000
0.00479200 0.40520000 0.04078000
0.03312000 0.11270000 0.02298000
-0.02912000 -0.28540000 -0.04454000
-0.02912000 -0.26420000 -0.04454000
-0.04774000 0.20739999 -0.02278000
-0.05106000 -0.43509999 -0.01032000
-0.01514000 -0.43509999 -0.05017000
-0.01514000 0.15150000 -0.05017000
-0.01032000 0.19910000 -0.05106000
-0.01514000 0.25189999 -0.05017000
-0.01032000 -0.37169999 -0.05106000
-0.05017000 -0.59899998 -0.01514000
-0.04659000 -0.05989000 0.01617000
-0.05017000 0.03524000 -0.01514000
0.04123000 0.37880000 -0.00007400
0.04123000 0.33120000 -0.00007400
0.04078000 0.46329999 0.00479100
0.04123000 0.36820000 -0.00007400
0.04078000 -0.67820001 0.00481200
0.03956000 -0.49329999 0.00946100
0.03956000 -0.29769999 0.00946100
0.03258000 0.54610002 0.02257000
-0.01983000 -0.66240001 0.03887000
0.03197000 0.17270000 -0.03267000
0.04051000 -0.10750000 -0.01532000
0.04051000 0.33649999 -0.01532000
0.03593000 -0.06517000 -0.02669000
0.02849000 -0.31009999 0.02852000
0.02278000 0.12860000 0.03286000
0.03887000 -0.00703800 -0.01987000
0.03986000 -0.18140000 0.00960600
-0.01981000 0.38409999 0.03888000
0.00924100 0.22020000 -0.04926000
0.00924100 -0.72049999 -0.04926000
0.00924100 -0.67820001 -0.04926000
-0.05106000 0.45800000 -0.01032000
-0.01032000 -0.53549999 -0.05106000
-0.05045000 0.11980000 0.00459700
-0.04926000 0.32589999 0.00924000
0.03955000 -0.60420001 0.00949300
0.03922000 -0.81559998 0.00944600
-0.05118000 -0.57779998 -0.00012500
-0.05118000 -0.66240001 -0.00012500
-0.05045000 -0.42980000 0.00459700
-0.05045000 -0.71520001 0.00459700
-0.05118000 -0.58840001 -0.00012500
-0.05118000 0.62720001 -0.00012500
-0.02674000 0.37880000 0.03590000
-0.02674000 -0.64649999 0.03590000
-0.02674000 0.18320000 0.03590000
-0.00012500 -0.65710002 -0.05118000
-0.00012500 0.38929999 -0.05118000
-0.00012500 0.22550000 -0.05118000
-0.00012500 0.43160000 -0.05118000
-0.00012500 -0.64649999 -0.05118000
0.04078000 0.24660000 0.00479100
-0.00012500 -0.12330000 -0.05118000
-0.00012500 -0.17090000 -0.05118000
0.00924100 -0.00175600 -0.04926000
0.00923200 -0.05989000 -0.04927000
0.02276000 0.54610002 0.03286000
-0.05045000 0.01410000 0.00459700
-0.05045000 -0.34000000 0.00458400
0.00483900 -0.49860001 0.04111000
0.04018000 -0.54610002 -0.01529000
0.04018000 -0.30829999 -0.01529000
0.04018000 -0.65710002 -0.01529000
0.03203000 -0.11270000 -0.03260000
0.00924100 -0.38760000 -0.04926000
-0.04926000 -0.67820001 0.00924000
0.03778000 -0.38229999 -0.02353000
0.03442000 -0.21840000 -0.02975000
-0.05118000 0.38409999 -0.00012500
-0.05045000 -0.53030002 0.00459700
0.00459700 -0.45629999 -0.05045000
0.01918000 0.13040000 -0.04491000
-0.04491000 0.15150000 0.01917000
-0.04801000 -0.50910002 0.01283000
-0.04491000 -0.55140001 0.01917000
-0.04801000 -0.63069999 0.01283000
-0.04932000 -0.11270000 0.00911000
-0.02960000 -0.24490000 0.03412000
-0.05045000 -0.22370000 0.00459000
-0.05045000 -0.23430000 0.00459000
-0.03824000 0.37880000 0.02804000
-0.03824000 -0.51440001 0.02804000
-0.03824000 -0.39809999 0.02804000
0.02575000 -0.36469999 0.03060000
-0.03824000 0.53729999 0.02804000
-0.05045000 -0.29240000 0.00458700
0.02550000 -0.09161000 -0.04047000
0.03030000 -0.56019998 0.02557000
-0.04047000 -0.83679998 0.02550000
-0.04047000 -0.46680000 0.02550000
-0.04047000 -0.56730002 0.02550000
0.00858500 -0.34000000 -0.04953000
-0.04287000 0.23610000 0.02235000
0.02550000 -0.27660000 -0.04047000
0.02550000 0.61129999 -0.04047000
-0.04287000 -0.73640001 0.02235000
-0.04047000 0.44220001 0.02550000
-0.04287000 0.05638000 0.02235000
0.02550000 -0.01233000 -0.04047000
-0.01979000 0.16740000 0.03889000
-0.02346000 -0.01761000 0.03746000
-0.02333000 -0.79979998 0.03715000
-0.02333000 -0.57249999 0.03715000
0.03887000 -0.64649999 -0.01986000
0.03778000 -0.31889999 -0.02353000
0.03778000 0.37880000 -0.02353000
0.01284000 -0.55140001 -0.04801000
0.03415000 0.47389999 -0.02955000
0.03197000 0.52149999 -0.03267000
0.03415000 -0.72049999 -0.02955000
-0.04801000 -0.73110002 0.01283000
-0.04926000 0.37349999 0.00924000
-0.04926000 -0.78920001 0.00924000
-0.04801000 -0.80510002 0.01283000
0.00904900 -0.13920000 -0.04934000
-0.04926000 0.01938000 0.00924000
0.01244000 -0.22370000 -0.04817000
0.01917000 -0.30829999 -0.04492000
0.03197000 0.00881700 -0.03267000
-0.04491000 0.13570000 0.01917000
-0.04287000 0.28889999 0.02235000
-0.04287000 -0.65179998 0.02235000
0.02235000 -0.60430002 -0.04287000
0.01918000 -0.86849999 -0.04491000
0.02235000 -0.53549999 -0.04287000
0.01918000 -0.73110002 -0.04491000
0.02235000 0.47389999 -0.04287000
0.01918000 -0.85790002 -0.04491000
-0.02960000 -0.87379998 0.03412000
-0.02960000 0.31009999 0.03412000
0.01918000 0.02467000 -0.04491000
0.01918000 -0.00175600 -0.04491000
0.03782000 0.13040000 -0.02343000
0.01247000 -0.21320000 -0.04816000
0.03223000 -0.21320000 -0.03287000
0.03223000 -0.25009999 -0.03287000
0.03593000 -0.73110002 -0.02669000
-0.02343000 0.46329999 0.03747000
-0.04658000 0.37349999 0.01619000
-0.04801000 0.27840000 0.01283000
-0.04801000 0.59549999 0.01283000
-0.02346000 -0.36640000 0.03746000
0.03778000 0.59549999 -0.02355000
-0.02679000 0.44749999 0.03605000
0.01619000 0.54259998 -0.04658000
0.01619000 -0.87910002 -0.04658000
0.01284000 0.23080000 -0.04801000
0.01284000 -0.75220001 -0.04801000
0.01274000 -0.09689000 -0.04805000
-0.02333000 0.29949999 0.03715000
-0.02333000 -0.70990002 0.03715000
-0.02333000 0.26780000 0.03715000
0.02235000 -0.88440001 -0.04287000
-0.02960000 -0.14440000 0.03412000
0.01242000 -0.23430000 -0.04818000
-0.04672000 -0.18670000 0.01588000
0.03620000 -0.14440000 -0.02687000
0.03778000 0.48980001 -0.02353000
-0.04658000 -0.77869999 0.01619000
-0.04659000 -0.39280000 0.01619000
0.01284000 -0.81569999 -0.04801000
-0.03560000 0.31009999 0.03012000
-0.03560000 -0.58840001 0.03012000
-0.03286000 -0.83149999 0.03223000
-0.03560000 -0.59899998 0.03012000
0.03013000 0.30480000 -0.03559000
0.03013000 0.29420000 -0.03559000
0.03223000 -0.18670000 -0.03287000
0.01918000 -0.10750000 -0.04491000
0.01918000 0.48980001 -0.04491000
0.01619000 0.46329999 -0.04658000
0.01619000 0.12510000 -0.04658000
0.01918000 0.11450000 -0.04491000
0.01918000 -0.62540001 -0.04491000
-0.04658000 0.14620000 0.01619000
-0.04658000 0.15680000 0.01619000
-0.04491000 0.53729999 0.01917000
-0.04658000 -0.54610002 0.01619000
-0.04658000 0.40520000 0.01619000
-0.04658000 0.09338000 0.01619000
-0.02975000 0.46329999 0.03442000
-0.02975000 0.59020001 0.03442000
0.03442000 -0.26600000 -0.02975000
0.03620000 -0.22370000 -0.02687000
0.03442000 -0.25540000 -0.02975000
0.02804000 -0.54610002 -0.03824000
0.02550000 -0.29769999 -0.04047000
0.02550000 0.22550000 -0.04047000
-0.04047000 -0.20260000 0.02550000
-0.03824000 0.14620000 0.02804000
-0.04047000 -0.22370000 0.02550000
-0.03824000 0.10920000 0.02804000
-0.04047000 -0.44569999 0.02550000
0.02550000 0.56900001 -0.04047000
0.02550000 -0.70469999 -0.04047000
0.02550000 -0.51969999 -0.04047000
-0.03824000 -0.55140001 0.02804000
0.03013000 0.22550000 -0.03559000
-0.02960000 0.32589999 0.03412000
-0.02674000 -0.66240001 0.03590000
0.03415000 0.58490002 -0.02955000
0.03415000 0.59549999 -0.02955000
0.03415000 -0.76810002 -0.02955000
-0.04047000 -0.07575000 0.02550000
-0.03560000 -0.69940001 0.03012000
0.03012000 -0.61479998 -0.03560000
-0.03560000 -0.39280000 0.03012000
-0.03824000 -0.83149999 0.02804000
0.03593000 0.04582000 -0.02669000
0.03593000 -0.03346000 -0.02669000
0.03013000 -0.02818000 -0.03559000
-0.02675000 -0.03346000 0.03589000
0.03415000 0.07224000 -0.02955000
0.01918000 0.10390000 -0.04491000
-0.03560000 0.24140000 0.03012000
0.03415000 0.14090000 -0.02955000
0.01619000 -0.38229999 -0.04658000
-0.04491000 0.24660000 0.01917000
0.03422000 -0.11800000 -0.02946000
-0.03824000 -0.42460001 0.02804000
-0.04047000 0.17260000 0.02550000
-0.03824000 -0.50379997 0.02804000
-0.03824000 -0.53549999 0.02804000
0.03593000 0.35229999 -0.02669000
0.03012000 -0.39809999 -0.03560000
-0.01930000 0.54390001 -0.04906000
-0.01514000 0.16210000 -0.05017000
-0.04906000 -0.57650000 -0.01930000
-0.05017000 -0.61479998 -0.01514000
-0.05017000 -0.55140001 -0.01514000
-0.05017000 -0.04404000 -0.01514000
-0.01930000 0.52810001 -0.04906000
0.03200000 -0.09688000 -0.03263000
0.00459600 -0.10220000 -0.05045000
0.04156000 -0.10220000 -0.00004600
0.03043000 0.24310000 0.02568000
-0.02343000 0.62190002 0.03747000
-0.01514000 -0.52499998 -0.05017000
-0.05106000 -0.53030002 -0.01032000
0.03641000 -0.72399998 0.01646000
0.03030000 0.56019998 0.02557000
-0.04047000 -0.54079998 0.02550000
-0.02333000 -0.50910002 0.03715000
0.02576000 -0.56550002 0.03058000
-0.02605000 -0.84780002 -0.04625000
-0.04774000 -0.54830003 -0.02278000
-0.01527000 -0.65179998 0.04052000
-0.04022000 -0.53030002 -0.03507000
-0.02912000 -0.63950002 -0.04454000
-0.01514000 0.63239998 -0.05017000
-0.01983000 -0.58310002 0.03887000
0.01940000 0.58490002 0.03470000
-0.04022000 -0.73110002 -0.03507000
0.01907000 -0.37169999 -0.04499000
-0.04906000 -0.39150000 -0.01930000
-0.02662000 0.11980000 0.03594000
-0.05106000 0.48980001 -0.01032000
0.03887000 -0.40869999 -0.01986000
0.02804000 0.49500000 -0.03824000
-0.03219000 0.37169999 -0.04244000
-0.01032000 -0.25009999 -0.05106000
-0.04801000 -0.38229999 0.01283000
0.01955000 -0.34000000 0.03500000
-0.04047000 0.41049999 0.02550000
0.04111000 -0.36640000 0.00485900
-0.01930000 0.36420000 -0.04906000
-0.04801000 0.35760000 0.01283000
-0.00004600 -0.44040000 0.04156000
0.04174000 0.30480000 -0.00523700
-0.03286000 -0.28709999 0.03223000
0.00944500 0.43160000 0.03922000
0.04111000 -0.27660000 -0.01042000
-0.03560000 0.28889999 0.03012000
-0.01514000 0.35760000 -0.05017000
0.03778000 0.29949999 -0.02353000
-0.05106000 -0.47209999 -0.01032000
-0.00520900 0.37880000 0.04140000
-0.01032000 -0.30300000 -0.05106000
-0.04244000 0.44040000 -0.03219000
0.03793000 0.31360000 0.01305000
0.02228000 -0.35060000 -0.04292000
0.01284000 0.13570000 -0.04801000
0.04112000 0.16210000 -0.01040000
-0.01043000 -0.19730000 0.04145000
0.03986000 -0.23430000 0.00960600
-0.04453000 0.17440000 -0.02912000
-0.00522400 0.13040000 -0.05135000
0.02550000 0.19910000 -0.04047000
-0.04625000 0.18810000 -0.02605000
-0.05135000 -0.12330000 -0.00522500
-0.03286000 -0.22900000 0.03223000
0.02575000 -0.20080000 0.03060000
0.04051000 0.20440000 -0.01532000
-0.00522400 0.11980000 -0.05135000
0.04051000 0.14090000 -0.01532000
-0.03504000 0.13040000 -0.04025000
0.04078000 0.19910000 0.00479100
-0.01930000 -0.11670000 -0.04906000
-0.03775000 0.20610000 -0.03778000
0.02575000 -0.20610000 0.03060000
-0.01531000 -0.10220000 0.04051000
0.02575000 0.10570000 0.03060000
0.04078000 0.23080000 0.00479100
-0.01537000 -0.16560000 0.04084000
-0.05045000 -0.18670000 0.00459200
0.03012000 -0.21840000 -0.03560000
0.02550000 0.13040000 -0.04047000
-0.05135000 -0.13390000 -0.00522500
-0.02960000 0.14620000 0.03412000
0.03953000 0.16210000 0.00955800
-0.04906000 -0.50250000 -0.01929000
-0.04683000 -0.30829999 0.01560000
0.00458700 -0.30300000 -0.05045000
0.01284000 0.60600001 -0.04801000
-0.02333000 -0.49849999 0.03715000
0.03620000 -0.40869999 -0.02687000
-0.02912000 -0.65530002 -0.04454000
-0.05045000 0.55320001 0.00459700
-0.01043000 -0.70469999 0.04145000
0.03500000 -0.44569999 0.01955000
-0.03824000 -0.35589999 0.02804000
-0.04491000 -0.64120001 0.01917000
0.01284000 -0.65179998 -0.04801000
-0.03219000 0.47740000 -0.04244000
0.03500000 -0.26069999 0.01955000
-0.01527000 -0.82620001 0.04052000
0.02824000 -0.81209999 0.02830000
-0.05045000 0.28360000 0.00459700
-0.03286000 -0.86320001 0.03223000
0.01284000 -0.35060000 -0.04801000
0.02276000 -0.83329999 0.03286000
-0.03219000 0.49860001 -0.04244000
-0.04491000 -0.66240001 0.01917000
-0.01038000 0.57429999 0.04112000
-0.02674000 -0.65179998 0.03590000
-0.05118000 -0.45100001 -0.00012500
-0.03286000 -0.41929999 0.03223000
-0.02960000 -0.70469999 0.03412000
-0.04926000 -0.81569999 0.00924000
-0.05017000 0.56900001 -0.01514000
-0.01527000 -0.83679998 0.04052000
-0.04801000 -0.60949999 0.01283000
0.00479200 -0.82620001 0.04078000
-0.03775000 -0.46509999 -0.03778000
0.03641000 -0.84560001 0.01646000
-0.04801000 -0.64649999 0.01283000
-0.01930000 0.52280003 -0.04906000
0.00479200 0.57429999 0.04078000
-0.02912000 0.58139998 -0.04454000
-0.01514000 -0.65179998 -0.05017000
-0.03504000 -0.62540001 -0.04025000
-0.04047000 -0.86849999 0.02550000
0.03030000 0.57080001 0.02557000
0.01316000 -0.29420000 0.03825000
-0.04926000 -0.70469999 0.00924000
-0.05118000 0.52149999 -0.00012500
0.03778000 -0.55669999 -0.02353000
-0.05135000 0.54259998 -0.00522500
-0.03504000 -0.63599998 -0.04025000
-0.02975000 0.61659998 0.03442000
0.01619000 0.43689999 -0.04658000
0.00459700 -0.68879998 -0.05045000
-0.00522400 0.44220001 -0.05135000
-0.04047000 0.29420000 0.02550000
-0.04022000 -0.72049999 -0.03507000
0.00483900 -0.55140001 0.04111000
-0.04022000 -0.40869999 -0.03507000
0.01918000 0.58490002 -0.04491000
-0.04244000 0.31889999 -0.03219000
-0.00520900 0.36820000 0.04140000
-0.00012500 -0.55140001 -0.05118000
-0.01514000 -0.58310002 -0.05017000
-0.03288000 0.52679998 0.03223000
-0.01929000 -0.71390003 -0.04906000
0.04189000 -0.56199998 -0.00007400
-0.00522400 -0.38229999 -0.05135000
0.00459700 -0.77869999 -0.05045000
0.00459700 0.55849999 -0.05045000
-0.05017000 0.25189999 -0.01514000
-0.03775000 0.38049999 -0.03778000
-0.05106000 0.47389999 -0.01032000
-0.04491000 -0.57249999 0.01917000
-0.00523700 -0.83149999 0.04173000
0.00924100 -0.83149999 -0.04926000
-0.05017000 -0.03347000 -0.01514000
-0.02675000 0.02996000 0.03589000
-0.01994000 -0.04403000 0.03918000
0.02849000 -0.08280000 0.02852000
0.01619000 0.07223000 -0.04658000
0.02849000 0.05990000 0.02852000
0.00483900 -0.08632000 0.04111000
-0.04022000 -0.03346000 -0.03507000
0.01284000 0.04052000 -0.04801000
0.01955000 -0.45629999 0.03500000
-0.04625000 0.00838200 -0.02605000
0.03855000 0.04405000 0.01331000
-0.02605000 0.07180000 -0.04625000
-0.01994000 0.08281000 0.03918000
-0.01929000 0.08941000 -0.04906000
-0.05118000 0.02468000 -0.00012500
-0.04926000 -0.01761000 0.00924000
-0.04047000 0.01938000 0.02550000
-0.01531000 -0.01761000 0.04051000
-0.04926000 -0.02818000 0.00924000
0.03197000 -0.05460000 -0.03267000
0.03778000 -0.04932000 -0.02353000
0.03887000 0.02996000 -0.01987000
-0.03824000 -0.06518000 0.02804000
-0.02605000 0.07709000 -0.04625000
-0.05135000 -0.08102000 -0.00522500
-0.04244000 0.08634000 -0.03219000
-0.04022000 0.07752000 -0.03507000
0.03986000 -0.22370000 0.00960600
0.03286000 -0.06166000 0.02278000
0.03500000 -0.07575000 0.01955000
0.02576000 0.61839998 0.03058000
0.03498000 -0.48800001 0.01957000
0.04173000 -0.27129999 -0.00525000
0.04145000 0.57959998 -0.01043000
0.04112000 0.06695000 -0.01040000
0.04112000 0.04581000 -0.01040000
0.04174000 0.10920000 -0.00523700
0.04078000 -0.85790002 0.00479100
-0.04801000 -0.59899998 0.01283000
0.04156000 -0.70999998 -0.00010200
-0.05106000 -0.74169999 -0.01032000
0.04018000 -0.82090002 -0.01529000
0.03030000 0.58139998 0.02557000
0.03197000 -0.70990002 -0.03267000
-0.05118000 0.53200001 -0.00012500
0.03593000 -0.10750000 -0.02669000
0.02575000 0.20080000 0.03060000
-0.00004600 -0.39289999 0.04156000
-0.03775000 0.34349999 -0.03778000
0.04018000 -0.42980000 -0.01529000
0.02804000 -0.29240000 -0.03824000
0.03258000 0.32420000 0.02257000
-0.04801000 0.49500000 0.01283000
0.01955000 0.14090000 0.03500000
-0.04491000 0.27840000 0.01917000
0.02278000 -0.31529999 0.03286000
0.03778000 -0.42460001 -0.02353000
-0.01038000 0.31009999 0.04112000
-0.04658000 0.45800000 0.01619000
-0.04774000 -0.28929999 -0.02278000
0.00960600 -0.17620000 0.03986000
-0.04244000 -0.16210000 -0.03219000
-0.04022000 0.17790000 -0.03507000
-0.04047000 0.13570000 0.02550000
0.03778000 -0.21320000 -0.02353000
-0.04906000 0.60210001 -0.01930000
-0.05017000 -0.85259998 -0.01514000
0.03223000 -0.57249999 -0.03287000
0.03468000 -0.60430002 0.01942000
0.03793000 0.54079998 0.01305000
-0.00004600 -0.55669999 0.04156000
0.04174000 0.11450000 -0.00523700
0.04123000 0.08809000 -0.00007400
0.04174000 0.56900001 -0.00523700
0.04123000 0.38409999 -0.00007400
0.03922000 0.47920001 0.00944500
0.00944500 0.29420000 0.03922000
0.04173000 -0.23430000 -0.00525000
-0.01038000 0.42100000 0.04112000
-0.01038000 0.37349999 0.04112000
-0.01038000 0.14090000 0.04112000
-0.00520900 0.54790002 0.04140000
-0.01930000 0.32200000 -0.04906000
-0.04244000 0.26600000 -0.03219000
-0.04244000 0.33469999 -0.03219000
0.03286000 -0.05109000 0.02278000
0.03468000 -0.68349999 0.01942000
-0.00520900 -0.02290000 0.04140000
-0.00520900 -0.05461000 0.04140000
0.02276000 0.45100001 0.03286000
0.03258000 -0.84909999 0.02257000
0.02278000 -0.51090002 0.03286000
0.03672000 -0.28009999 0.01657000
-0.00520900 0.41049999 0.04140000
0.01330000 -0.15680000 0.03855000
-0.04022000 -0.17090000 -0.03507000
-0.02278000 -0.38450000 -0.04774000
-0.04774000 -0.61170000 -0.02278000
-0.04774000 -0.78609997 -0.02278000
-0.02278000 0.48230001 -0.04774000
-0.03219000 -0.15150000 -0.04244000
-0.04454000 -0.20610000 -0.02912000
-0.04244000 0.20260000 -0.03219000
-0.02912000 0.50739998 -0.04454000
0.03657000 -0.52319998 0.01652000
-0.00522400 -0.25009999 -0.05135000
-0.01032000 -0.37700000 -0.05106000
-0.05135000 -0.00703400 -0.00522500
-0.05106000 0.30480000 -0.01032000
-0.05106000 -0.12860000 -0.01032000
-0.05106000 0.35229999 -0.01032000
-0.05118000 0.37880000 -0.00012500
-0.05135000 -0.38760000 -0.00522500
-0.00012500 0.27840000 -0.05118000
-0.00522400 -0.20790000 -0.05135000
-0.00522400 0.29949999 -0.05135000
-0.00522400 -0.79979998 -0.05135000
-0.00012500 -0.00174900 -0.05118000
-0.03219000 0.09691000 -0.04244000
-0.03504000 -0.42460001 -0.04025000
-0.02278000 0.62500000 -0.04774000
-0.04774000 0.13349999 -0.02278000
-0.03504000 -0.28189999 -0.04025000
-0.04022000 -0.22370000 -0.03507000
-0.03504000 0.14620000 -0.04025000
-0.04244000 -0.00879500 -0.03219000
-0.03504000 0.55320001 -0.04025000
-0.03504000 0.36820000 -0.04025000
0.04189000 -0.29240000 -0.00007400
0.03526000 0.02995000 0.01976000
0.03703000 0.05814000 0.01672000
-0.01038000 -0.10750000 0.04112000
-0.01531000 0.04581000 0.04051000
0.02824000 -0.47920001 0.02830000
0.04111000 -0.18670000 -0.01042000
0.04111000 -0.56199998 -0.01042000
0.04112000 -0.00175500 -0.01040000
0.04112000 -0.10750000 -0.01040000
0.03703000 0.21670000 0.01672000
0.03986000 -0.04404000 0.00960600
-0.01043000 -0.65710002 0.04145000
0.00483900 -0.18140000 0.04111000
0.02585000 -0.11100000 0.03073000
0.01658000 0.22200000 0.03672000
0.04078000 0.46860000 0.00479100
0.03672000 -0.34349999 0.01657000
0.02849000 0.14450000 0.02852000
0.03057000 -0.12160000 0.02578000
-0.01520000 0.20440000 0.04020000
-0.01038000 0.37880000 0.04112000
-0.01038000 0.17270000 0.04112000
-0.00004600 -0.54610002 0.04156000
0.00483900 -0.31360000 0.04111000
0.00483900 -0.43509999 0.04111000
0.04111000 -0.10220000 0.00483800
-0.00009100 0.34709999 0.04123000
-0.00009100 0.48449999 0.04123000
0.00479200 0.36289999 0.04078000
-0.05106000 -0.09688000 -0.01032000
-0.05017000 -0.52499998 -0.01514000
-0.05017000 -0.45629999 -0.01514000
0.03468000 -0.83679998 0.01942000
0.03468000 0.28360000 0.01942000
0.02824000 0.27660000 0.02830000
0.01645000 0.29069999 0.03641000
0.01645000 0.42280000 0.03641000
0.04078000 0.33120000 0.00479100
0.00946000 -0.49849999 0.03956000
0.00946000 -0.30300000 0.03956000
0.02576000 0.39640000 0.03058000
0.04111000 -0.29769999 0.00485900
-0.01527000 -0.70469999 0.04052000
0.04051000 0.06166000 -0.01532000
-0.01520000 0.38409999 0.04020000
-0.01520000 0.40520000 0.04020000
0.00459700 -0.67820001 -0.05045000
0.00924100 0.43689999 -0.04926000
0.00459700 -0.41929999 -0.05045000
0.00459700 0.22020000 -0.05045000
-0.05045000 -0.54079998 0.00459700
-0.04926000 0.62190002 0.00924000
-0.04926000 -0.67299998 0.00924000
-0.05045000 -0.75220001 0.00459700
-0.05045000 -0.45629999 0.00459700
-0.05045000 -0.66240001 0.00459700
-0.05118000 0.16210000 -0.00012500
-0.05118000 0.32060000 -0.00012500
0.00459700 0.05638000 -0.05045000
-0.00012500 0.28360000 -0.05118000
0.00459700 -0.45100001 -0.05045000
-0.05118000 -0.18140000 -0.00012500
0.03887000 -0.54610002 -0.01986000
0.04018000 -0.58840001 -0.01529000
-0.04453000 -0.41749999 -0.02912000
-0.04625000 0.46290001 -0.02605000
-0.02912000 0.17440000 -0.04454000
-0.04454000 0.52850002 -0.02912000
-0.04625000 -0.02333000 -0.02605000
-0.05045000 -0.11270000 0.00459500
-0.04625000 -0.85839999 -0.02605000
-0.01514000 0.54259998 -0.05017000
-0.01514000 -0.11270000 -0.05017000
-0.01514000 0.23610000 -0.05017000
-0.01514000 -0.49849999 -0.05017000
-0.01514000 -0.61479998 -0.05017000
-0.04906000 -0.65579998 -0.01929000
-0.04906000 -0.76150000 -0.01929000
0.03825000 -0.27309999 0.01316000
0.01316000 -0.48969999 0.03825000
0.00946000 -0.45100001 0.03956000
0.03956000 -0.41929999 0.00946100
0.03286000 -0.25720000 0.02278000
0.01955000 -0.50910002 0.03500000
0.03526000 0.11450000 0.01976000
0.03500000 -0.07046000 0.01955000
0.01955000 0.06695000 0.03500000
0.00955800 0.19910000 0.03953000
0.02276000 -0.58490002 0.03286000
0.01955000 -0.45100001 0.03500000
0.00944500 -0.75749999 0.03922000
0.00944600 -0.86320001 0.03922000
0.03953000 0.10920000 0.00955800
0.03258000 -0.48969999 0.02259000
-0.04625000 -0.86369997 -0.02605000
0.03258000 0.39809999 0.02257000
0.03258000 0.51440001 0.02257000
0.03468000 0.44220001 0.01942000
0.03258000 -0.87559998 0.02257000
0.03258000 0.33469999 0.02257000
0.03468000 -0.82620001 0.01942000
0.03922000 0.53729999 0.00944500
0.01304000 0.39289999 0.03793000
0.03030000 0.60250002 0.02557000
0.03258000 0.58840001 0.02257000
0.02565000 0.62360001 0.03045000
0.03299000 -0.02467000 0.02288000
0.03258000 0.49860001 0.02257000
-0.02605000 -0.41440001 -0.04625000
-0.02912000 -0.79269999 -0.04454000
-0.02912000 -0.73989999 -0.04454000
-0.02912000 -0.81389999 -0.04454000
-0.02912000 0.19560000 -0.04454000
-0.02912000 -0.50739998 -0.04454000
-0.02605000 -0.65750003 -0.04625000
-0.04625000 -0.05504000 -0.02605000
-0.02912000 0.08457000 -0.04454000
-0.04454000 0.06343000 -0.02912000
-0.02912000 -0.20610000 -0.04454000
-0.04625000 0.28850001 -0.02605000
0.01657000 -0.32769999 0.03673000
0.02278000 -0.15150000 0.03286000
-0.04774000 -0.55360001 -0.02278000
-0.04774000 -0.61699998 -0.02278000
-0.04774000 0.30790001 -0.02278000
-0.02278000 0.39770001 -0.04774000
-0.02278000 0.36600000 -0.04774000
-0.02278000 0.37130001 -0.04774000
-0.01930000 -0.43910000 -0.04906000
0.02276000 0.46680000 0.03286000
0.03258000 0.40869999 0.02257000
0.03258000 0.57779998 0.02257000
0.03030000 -0.58660001 0.02557000
-0.02912000 0.41220000 -0.04454000
-0.04454000 0.31709999 -0.02912000
-0.04454000 -0.48620000 -0.02912000
-0.04244000 -0.28889999 -0.03219000
-0.04244000 0.20790000 -0.03219000
-0.04454000 0.18500000 -0.02912000
-0.04244000 0.56199998 -0.03219000
-0.02912000 -0.40169999 -0.04454000
-0.02912000 0.55489999 -0.04454000
-0.04244000 0.46160001 -0.03219000
-0.04454000 -0.74519998 -0.02912000
-0.02278000 0.00133200 -0.04774000
-0.03219000 0.03349000 -0.04244000
0.03672000 -0.44920000 0.01657000
0.00458400 -0.34000000 -0.05045000
0.01304000 0.36109999 0.03793000
-0.04906000 -0.24879999 -0.01929000
-0.04906000 -0.87769997 -0.01930000
-0.04022000 0.36289999 -0.03507000
-0.03775000 -0.66060001 -0.03778000
-0.04022000 -0.22900000 -0.03507000
-0.03775000 -0.36989999 -0.03778000
-0.03504000 -0.16560000 -0.04025000
-0.04453000 -0.33820000 -0.02912000
-0.03775000 0.05815000 -0.03778000
-0.03775000 -0.03698000 -0.03778000
-0.04244000 -0.40520000 -0.03219000
-0.03775000 -0.78750002 -0.03778000
-0.04022000 -0.46149999 -0.03507000
-0.03775000 -0.35940000 -0.03778000
-0.03504000 0.26780000 -0.04025000
-0.04244000 -0.03522000 -0.03219000
-0.04625000 -0.45670000 -0.02605000
-0.02278000 0.17569999 -0.04774000
-0.04625000 -0.10260000 -0.02605000
-0.04774000 0.18629999 -0.02278000
-0.04774000 -0.14139999 -0.02278000
-0.04774000 -0.33690000 -0.02278000
-0.04774000 -0.81260002 -0.02278000
-0.04625000 0.20919999 -0.02605000
-0.04625000 0.14049999 -0.02605000
-0.04244000 -0.63770002 -0.03219000
-0.04022000 -0.16560000 -0.03507000
-0.04244000 -0.41569999 -0.03219000
-0.04244000 0.57260001 -0.03219000
-0.04244000 -0.55839998 -0.03219000
-0.03504000 -0.41929999 -0.04025000
-0.03219000 0.39820001 -0.04244000
-0.02278000 -0.86009997 -0.04774000
0.02235000 0.15680000 -0.04287000
-0.04287000 0.01410000 0.02235000
0.02235000 0.61129999 -0.04287000
-0.04287000 -0.42980000 0.02235000
0.02550000 -0.52499998 -0.04047000
0.02550000 -0.43509999 -0.04047000
0.02235000 -0.87910002 -0.04287000
-0.04287000 -0.09160000 0.02235000
0.03703000 0.07928000 0.01672000
-0.02332000 0.16740000 0.03716000
0.03672000 0.22200000 0.01659000
-0.01981000 0.44220001 0.03888000
0.01657000 -0.33289999 0.03673000
0.01955000 -0.15500000 0.03500000
0.02849000 -0.15150000 0.02852000
0.02849000 -0.20960000 0.02852000
0.02849000 0.10750000 0.02852000
0.03641000 0.40169999 0.01646000
0.03468000 -0.72579998 0.01942000
0.01652000 0.22730000 0.03657000
0.01645000 0.47569999 0.03641000
0.01645000 0.51270002 0.03641000
0.02849000 0.15500000 0.02852000
0.03887000 -0.72579998 -0.01986000
0.03887000 -0.16030000 -0.01986000
0.02576000 0.39109999 0.03058000
0.03778000 0.37349999 -0.02353000
0.03887000 0.33120000 -0.01987000
0.03778000 0.22550000 -0.02353000
0.03778000 0.45800000 -0.02353000
0.01645000 -0.78750002 0.03641000
0.01284000 0.02995000 -0.04801000
0.00924100 -0.45100001 -0.04926000
0.00924100 -0.60949999 -0.04926000
0.03197000 0.57429999 -0.03267000
0.03197000 0.52679998 -0.03267000
0.03197000 0.56370002 -0.03267000
-0.04492000 -0.20790000 0.01917000
-0.04926000 -0.60420001 0.00924000
-0.04801000 -0.02290000 0.01283000
-0.04926000 -0.85259998 0.00924000
0.02813000 0.62010002 0.02817000
-0.04287000 -0.55140001 0.02235000
-0.04287000 0.16740000 0.02235000
-0.04287000 -0.68879998 0.02235000
0.02576000 0.54439998 0.03058000
0.02824000 -0.72229999 0.02830000
0.02824000 0.50379997 0.02830000
0.01918000 -0.60420001 -0.04491000
0.02235000 -0.00176000 -0.04287000
0.01918000 -0.52499998 -0.04491000
0.02235000 -0.85790002 -0.04287000
0.02235000 0.13040000 -0.04287000
0.01918000 -0.43509999 -0.04491000
-0.02960000 -0.41400000 0.03412000
0.03620000 -0.30300000 -0.02687000
0.03620000 -0.52499998 -0.02687000
0.03778000 0.06695000 -0.02353000
-0.04801000 0.54259998 0.01283000
-0.04685000 -0.32409999 0.01556000
-0.04659000 -0.36109999 0.01619000
-0.04823000 -0.28189999 0.01230000
0.01619000 -0.45100001 -0.04658000
0.01619000 0.23080000 -0.04658000
0.01619000 0.06166000 -0.04658000
0.01619000 0.11980000 -0.04658000
0.01619000 -0.62010002 -0.04658000
-0.02321000 0.11980000 0.03721000
-0.02328000 0.15150000 0.03718000
0.01266000 -0.12860000 -0.04808000
0.01615000 -0.07046000 -0.04660000
-0.02674000 0.29949999 0.03590000
0.01606000 -0.10750000 -0.04664000
-0.03286000 -0.59899998 0.03223000
-0.03560000 -0.17090000 0.03012000
-0.03560000 0.30480000 0.03012000
-0.03286000 0.19910000 0.03223000
-0.03286000 -0.78390002 0.03223000
0.03197000 -0.02818000 -0.03267000
0.03197000 0.59020001 -0.03267000
0.03197000 0.42629999 -0.03267000
0.03013000 0.39460000 -0.03559000
-0.03561000 0.52149999 0.03012000
0.03012000 -0.19730000 -0.03560000
0.01918000 0.57959998 -0.04491000
0.01619000 0.24660000 -0.04658000
0.01619000 0.05109000 -0.04658000
0.01918000 0.22550000 -0.04491000
0.01619000 -0.67820001 -0.04658000
-0.04491000 -0.00175500 0.01917000
-0.04658000 0.53729999 0.01619000
-0.04491000 0.40520000 0.01917000
-0.04491000 -0.67820001 0.01917000
-0.02975000 0.46860000 0.03442000
-0.02686000 0.61129999 0.03620000
-0.02686000 0.59020001 0.03620000
-0.03824000 -0.76810002 0.02804000
-0.03824000 0.29949999 0.02804000
-0.03824000 -0.54610002 0.02804000
-0.03824000 0.14090000 0.02804000
-0.03824000 -0.42980000 0.02804000
0.02550000 -0.86849999 -0.04047000
0.02804000 0.25189999 -0.03824000
0.02550000 0.09865000 -0.04047000
-0.04047000 0.59020001 0.02550000
-0.04047000 -0.42460001 0.02550000
-0.04047000 0.28360000 0.02550000
-0.03824000 0.05109000 0.02804000
0.02804000 0.22550000 -0.03824000
0.03013000 -0.78390002 -0.03559000
-0.02674000 -0.65710002 0.03590000
-0.02674000 -0.82620001 0.03590000
0.03415000 0.49500000 -0.02955000
0.03593000 -0.02817000 -0.02669000
-0.03560000 -0.83149999 0.03012000
-0.03824000 0.35229999 0.02804000
-0.03824000 0.42100000 0.02804000
