-3.80555250 -10.04353314 7.75214632
-3.55329435 -10.43193777 8.42068053
-3.49876843 -10.52245506 9.32876759
-3.15655229 -10.24386366 10.21150947
-3.13250478 -9.73775213 11.01829295
-3.58754486 -9.90686190 11.55112347
-3.71011950 -9.53973196 12.59575065
-4.24838316 -9.82364870 13.04056956
-4.81459298 -10.10801675 13.83399248
-4.43926958 -9.62251335 7.13076969
-4.65415923 -10.02438941 8.06369897
-4.57008723 -10.15728898 9.11135351
-4.42145889 -10.03275160 10.02719371
-4.25211570 -9.80660043 10.93567621
-4.65256335 -9.89735303 11.56816065
-4.73456873 -10.02066145 12.46765071
-5.07171380 -10.40950774 13.11395342
-5.48609214 -10.92719852 13.92718396
-5.04854166 -9.19818982 6.60148466
-5.43052232 -9.63894108 7.43285949
-5.45038251 -9.96074466 8.54167478
-5.37723624 -10.02799305 9.72604264
-5.49946191 -10.19434939 10.66375162
-5.61729369 -10.39575219 11.53350529
-5.57708640 -10.62163411 12.44658920
-5.99348683 -11.41866848 13.33495843
-6.21548662 -12.05966892 14.17303848
-6.09760445 -9.21244187 6.38146769
-6.24040456 -9.67304834 7.05371777
-6.50318556 -10.10880424 8.38139560
-6.56495817 -10.35028428 9.45685454
-6.34621335 -10.58471557 10.53096013
-6.58850588 -11.00388397 11.21588590
-6.60688518 -11.47982314 12.15056331
-6.71534024 -12.02940375 12.97075031
-6.87737113 -12.68822681 13.98121639
-7.00287383 -9.31792885 6.27049095
-7.04569868 -10.01387999 7.55184414
-7.43491972 -10.45830059 8.55133838
-7.52136130 -10.71780025 9.43272492
-7.52302334 -11.14228888 10.41308903
-7.46070891 -11.51821825 11.11878863
-7.59330181 -12.02319080 12.01353038
-7.42483162 -12.48169356 12.90818265
-7.63372088 -13.24709243 13.74207199
-7.84157819 -9.61089653 6.17268373
-7.93885212 -10.26609480 7.38383485
-8.10746498 -10.80080298 8.71905213
-8.54910395 -11.27084015 9.59150784
-8.49806619 -11.52903098 10.35910547
-8.59677272 -11.96167035 11.10188561
-8.82294251 -12.51792023 11.85518433
-8.49807463 -12.93602127 12.74118156
-8.37719220 -13.48761335 13.42576427
-8.51324844 -10.20050973 6.60276980
-8.62386631 -10.68254521 7.44587571
-8.82193110 -11.05449984 8.36082888
-9.56889424 -11.57365115 9.11712010
-9.57063012 -11.84468363 9.93052641
-9.80651514 -12.46522507 11.13745512
-10.08199876 -12.97805075 11.76251177
-9.45224910 -13.29918682 12.37172766
-9.03055291 -13.98246956 13.18295600
-9.34775380 -10.54777614 6.62259133
-9.45319764 -11.04591876 7.43972013
-10.17489625 -11.62090524 8.30679017
-10.65543663 -12.03985346 9.04999781
-10.92106461 -12.41580972 9.84286069
-11.20821802 -12.83178921 10.79231578
-11.16706437 -13.24502971 11.52667702
-10.76559437 -13.55964683 12.12923608
-10.06401484 -14.11012258 12.95743363
-10.12678277 -10.99671727 6.78948621
-10.43819184 -11.54741931 7.49073605
-11.23665365 -11.93700897 7.92415215
-11.64736047 -12.43773065 8.81831706
-11.94052187 -12.76818402 9.52725482
-12.33632322 -13.26768162 10.26056521
-12.16274570 -13.79065624 11.24676028
-11.55103763 -14.03562353 12.04538674
-10.96667949 -14.36938564 12.63517333
