-0.791212 -0.627494 0 
-0.75641 -0.632681 0 
-0.737415 -0.619371 0 
-0.768843 -0.605779 0 
-0.717107 -0.667652 0 
-0.800697 -0.562795 0 
-0.69023 -0.661997 0 
-0.700536 -0.667604 0 
-0.820923 -0.584837 0 
-0.659358 -0.735209 0 
-0.83823 -0.521298 0 
-0.688762 -0.730629 0 
-0.85822 -0.512881 0 
-0.663255 -0.746045 0 
-0.621384 -0.743533 0 
-0.879731 -0.504807 0 
-0.583779 -0.756616 0 
-0.834344 -0.466923 0 
-0.564786 -0.775363 0 
-0.572622 -0.780013 0 
-0.836498 -0.442998 0 
-0.566892 -0.781733 0 
-0.861195 -0.414889 0 
-0.516728 -0.785683 0 
-0.652039 -0.545567 0 
-0.649177 -0.575297 0 
-0.654804 -0.514041 0 
-0.502626 -0.762582 0 
-0.656912 -0.498445 0 
-0.870588 -0.399932 0 
-0.640794 -0.559103 0 
-0.676777 -0.508614 0 
-0.617807 -0.607508 0 
-0.474283 -0.813353 0 
-0.701509 -0.436357 0 
-0.578696 -0.601047 0 
-0.491917 -0.776005 0 
-0.846869 -0.330696 0 
-0.577465 -0.584312 0 
-0.442949 -0.772812 0 
-0.708846 -0.422018 0 
-0.551979 -0.646066 0 
-0.843385 -0.30133 0 
-0.414267 -0.788946 0 
-0.498679 -0.660652 0 
-0.698116 -0.380493 0 
-0.497791 -0.650534 0 
-0.413027 -0.831386 0 
-0.850511 -0.267686 0 
-0.699007 -0.367346 0 
-0.423265 -0.837883 0 
-0.478453 -0.623154 0 
-0.863806 -0.262575 0 
-0.696452 -0.332189 0 
-0.405262 -0.813206 0 
-0.456926 -0.630965 0 
-0.430681 -0.684254 0 
-0.809638 -0.209879 0 
-0.346458 -0.82529 0 
-0.697854 -0.326519 0 
-0.363263 -0.662264 0 
-0.818444 -0.248621 0 
-0.335125 -0.798488 0 
-0.687147 -0.279757 0 
-0.370111 -0.671283 0 
-0.770291 -0.224914 0 
-0.307757 -0.808769 0 
-0.319559 -0.655625 0 
-0.626684 -0.251105 0 
-0.280498 -0.838653 0 
-0.776422 -0.194517 0 
-0.318823 -0.658749 0 
-0.252294 -0.84685 0 
-0.744442 -0.177787 0 
-0.627 -0.290336 0 
-0.267886 -0.806701 0 
-0.74559 -0.168116 0 
-0.303263 -0.699583 0 
-0.63345 -0.242673 0 
-0.258243 -0.851366 0 
-0.265726 -0.690097 0 
-0.737107 -0.163541 0 
-0.246354 -0.804144 0 
-0.597647 -0.219213 0 
-0.182752 -0.817479 0 
-0.261392 -0.675811 0 
-0.710679 -0.143883 0 
-0.19804 -0.834001 0 
-0.556958 -0.20855 0 
-0.251566 -0.679029 0 
-0.664497 -0.0977176 0 
-0.172827 -0.814059 0 
-0.54181 -0.197548 0 
-0.640288 -0.121903 0 
-0.191369 -0.666996 0 
-0.152442 -0.847823 0 
-0.471097 -0.18972 0 
-0.624292 -0.0949782 0 
-0.114993 -0.820717 0 
-0.17138 -0.674413 0 
-0.477597 -0.235015 0 
-0.116849 -0.844356 0 
-0.599879 -0.0654038 0 
-0.467282 -0.207771 0 
-0.0778424 -0.841909 0 
-0.159846 -0.654693 0 
-0.606602 -0.0899507 0 
-0.104554 -0.799782 0 
-0.447185 -0.181181 0 
-0.543813 -0.0766663 0 
-0.0858641 -0.697995 0 
-0.0474905 -0.811575 0 
-0.373426 -0.226552 0 
-0.524387 -0.0607112 0 
-0.344462 -0.179552 0 
-0.0533047 -0.84251 0 
-0.0937993 -0.651142 0 
-0.477342 -0.0547592 0 
-0.332938 -0.19287 0 
-0.0402373 -0.821567 0 
-0.464211 -0.0950305 0 
-0.0383995 -0.646037 0 
-0.327029 -0.215586 0 
-0.0167522 -0.796581 0 
-0.455736 -0.0439578 0 
-0.447743 -0.0357715 0 
0.0156148 -0.839095 0 
-0.000584759 -0.662357 0 
-0.281427 -0.201209 0 
-0.44242 -0.047916 0 
0.0256398 -0.828265 0 
-0.254909 -0.160899 0 
-0.0236615 -0.672078 0 
-0.39727 -0.0508667 0 
0.0486317 -0.844892 0 
-0.243886 -0.207528 0 
-0.378603 -0.049544 0 
0.032561 -0.837018 0 
0.0511081 -0.675603 0 
-0.345298 -0.0352643 0 
-0.230939 -0.179467 0 
0.058979 -0.830466 0 
-0.370727 -0.054709 0 
0.0657608 -0.661254 0 
-0.225819 -0.184677 0 
0.0853036 -0.813101 0 
-0.304685 -0.0302968 0 
-0.167215 -0.171098 0 
0.112462 -0.827947 0 
-0.305181 -0.0196833 0 
-0.836158 0.252884 0 
-0.847582 0.300569 0 
-0.87104 0.270167 0 
-0.183896 -0.167046 0 
0.0856868 -0.655428 0 
0.122901 -0.787656 0 
-0.823564 0.267351 0 
-0.261022 -0.0337863 0 
-0.907979 0.283478 0 
-0.829085 0.30049 0 
0.13901 -0.798304 0 
-0.131354 -0.151466 0 
0.0843504 -0.607989 0 
-0.26895 0.00139324 0 
-0.898215 0.331228 0 
-0.767265 0.307491 0 
0.14738 -0.786808 0 
-0.251981 0.000453441 0 
-0.117417 -0.17017 0 
-0.880198 0.341278 0 
-0.757196 0.294924 0 
0.194412 -0.773163 0 
0.124938 -0.64793 0 
-0.182234 -0.0339926 0 
-0.735038 0.312654 0 
-0.0694345 -0.141552 0 
-0.898225 0.358484 0 
0.222176 -0.790392 0 
-0.197424 -0.00735753 0 
-0.034424 -0.153405 0 
-0.755164 0.324359 0 
0.178775 -0.617564 0 
0.202318 -0.749934 0 
-0.904015 0.408202 0 
-0.0118473 -0.12382 0 
-0.717634 0.364038 0 
-0.13861 -0.0216953 0 
0.231835 -0.766864 0 
0.192592 -0.585194 0 
-0.880382 0.442127 0 
-0.0323945 -0.170108 0 
-0.71364 0.3938 0 
0.253715 -0.776701 0 
-0.0945936 -0.0146175 0 
0.282191 -0.75165 0 
0.00236719 -0.134688 0 
-0.87781 0.417233 0 
-0.703172 0.363297 0 
0.216416 -0.58324 0 
-0.0885015 0.0245544 0 
0.301516 -0.720352 0 
-0.651222 0.401262 0 
0.00629893 -0.146921 0 
-0.0970256 0.0216866 0 
-0.893903 0.434459 0 
0.260796 -0.572417 0 
-0.681296 0.423394 0 
0.0505049 -0.14526 0 
0.314477 -0.747638 0 
-0.875046 0.467732 0 
-0.0335517 0.0326257 0 
-0.624398 0.417041 0 
0.0629335 -0.14833 0 
-0.0341562 0.0341078 0 
0.290663 -0.540536 0 
-0.822907 0.487149 0 
0.3126 -0.733006 0 
-0.658575 0.449544 0 
-0.0123176 -0.0069653 0 
0.104755 -0.140729 0 
0.323481 -0.702552 0 
0.293459 -0.557967 0 
-0.807282 0.498592 0 
-0.626009 0.428254 0 
0.100132 -0.107225 0 
0.00584315 0.0291258 0 
0.34086 -0.693306 0 
-0.822403 0.533337 0 
-0.59221 0.46096 0 
0.328048 -0.539798 0 
0.165359 -0.145515 0 
0.0227969 0.0405966 0 
0.395589 -0.712623 0 
-0.557123 0.467181 0 
-0.767416 0.566349 0 
0.16115 -0.0809162 0 
0.367491 -0.525684 0 
0.043173 0.0199772 0 
0.37716 -0.695985 0 
-0.53707 0.482599 0 
-0.768581 0.537583 0 
-0.745572 0.568227 0 
0.149238 -0.125114 0 
0.0542981 0.011562 0 
0.395014 -0.662952 0 
-0.549022 0.501388 0 
0.396323 -0.473716 0 
-0.734961 0.571071 0 
0.457705 -0.64954 0 
0.2046 -0.089925 0 
0.0899571 0.0215376 0 
-0.697656 0.569994 0 
-0.546182 0.500415 0 
0.40861 -0.480336 0 
0.472078 -0.625347 0 
-0.68792 0.621927 0 
0.129709 0.0286556 0 
-0.531446 0.526699 0 
0.237161 -0.0610933 0 
0.433913 -0.646778 0 
-0.681139 0.581783 0 
0.395974 -0.44932 0 
-0.464584 0.524635 0 
-0.666537 0.59619 0 
0.455537 -0.60791 0 
0.148017 0.0324694 0 
0.26958 -0.0820027 0 
-0.442814 0.538038 0 
-0.667884 0.606462 0 
0.1648 0.025635 0 
0.498624 -0.613478 0 
0.464861 -0.414446 0 
0.248864 -0.0721415 0 
-0.444818 0.576578 0 
-0.669795 0.65773 0 
0.478426 -0.587361 0 
-0.632008 0.631334 0 
-0.446201 0.553469 0 
0.216291 0.059675 0 
0.282184 -0.0437824 0 
0.481592 -0.430165 0 
-0.593175 0.630302 0 
-0.381276 0.572949 0 
0.514203 -0.601791 0 
-0.5691 0.631059 0 
0.219441 0.095948 0 
0.455289 -0.434774 0 
0.519985 -0.564301 0 
0.309348 -0.030527 0 
-0.408761 0.554497 0 
-0.555439 0.639311 0 
0.562779 -0.559347 0 
-0.391998 0.608667 0 
0.321409 -0.0688707 0 
0.522895 -0.391457 0 
0.245277 0.0839192 0 
-0.540284 0.652213 0 
-0.356536 0.603912 0 
0.533192 -0.537307 0 
0.519188 -0.413118 0 
0.549202 -0.484278 0 
0.334016 -0.0154191 0 
-0.322477 0.618002 0 
-0.514753 0.667543 0 
0.259824 0.093502 0 
0.525848 -0.482733 0 
0.551374 -0.412758 0 
-0.308725 0.624107 0 
0.332717 -0.00532513 0 
-0.491911 0.705339 0 
-0.280068 0.613639 0 
0.278476 0.123026 0 
-0.502785 0.708697 0 
-0.291465 0.614436 0 
0.384295 0.00165231 0 
-0.268088 0.590005 0 
-0.458541 0.732296 0 
0.329555 0.111166 0 
0.400058 -0.021626 0 
-0.247929 0.624134 0 
-0.464354 0.725671 0 
-0.231201 0.59296 0 
0.327889 0.142226 0 
0.441389 -0.0152053 0 
-0.399757 0.728036 0 
-0.206332 0.636145 0 
-0.395288 0.719907 0 
0.34654 0.146723 0 
0.424778 0.0140393 0 
-0.166012 0.616064 0 
-0.395863 0.764275 0 
-0.140835 0.635325 0 
0.328207 0.173518 0 
0.455888 0.0497861 0 
-0.335049 0.722472 0 
-0.14304 0.609167 0 
-0.347172 0.75246 0 
-0.116418 0.642969 0 
0.457753 0.0383791 0 
0.384548 0.196163 0 
-0.306459 0.751141 0 
-0.0920604 0.643785 0 
-0.273027 0.772721 0 
0.477747 0.0765587 0 
-0.0899063 0.609611 0 
0.366105 0.196197 0 
-0.266341 0.745018 0 
-0.069076 0.613777 0 
0.511642 0.0641622 0 
-0.242081 0.755508 0 
0.371325 0.220459 0 
-0.231803 0.739961 0 
-0.0138695 0.613187 0 
0.481337 0.0697034 0 
0.00335949 0.655283 0 
-0.193046 0.790904 0 
0.418859 0.214936 0 
0.0267802 0.610214 0 
0.533385 0.109505 0 
-0.198248 0.764572 0 
0.0634321 0.626496 0 
0.436429 0.255362 0 
-0.198128 0.79832 0 
0.0449341 0.635567 0 
0.444954 0.276914 0 
0.510896 0.128218 0 
0.086029 0.649848 0 
-0.138881 0.775694 0 
0.0936144 0.634814 0 
0.398891 0.325763 0 
-0.152759 0.813816 0 
0.543838 0.189141 0 
0.0940397 0.645833 0 
-0.0804632 0.801532 0 
0.399772 0.324002 0 
0.153201 0.619378 0 
-0.0693077 0.779463 0 
0.393036 0.332324 0 
-0.0562502 0.800931 0 
0.154018 0.604314 0 
0.577329 0.189921 0 
0.180982 0.609741 0 
-0.0276211 0.803445 0 
0.393317 0.367858 0 
0.381256 0.401237 0 
-0.0296026 0.777296 0 
0.200818 0.591035 0 
0.221052 0.580975 0 
0.552709 0.182421 0 
0.208908 0.598633 0 
0.424171 0.452495 0 
0.238606 0.582514 0 
-0.0218309 0.795695 0 
0.280432 0.557501 0 
0.310392 0.549328 0 
0.263989 0.573458 0 
0.364462 0.454771 0 
0.402977 0.466559 0 
0.283607 0.52101 0 
0.343202 0.482687 0 
0.357426 0.541158 0 
0.35018 0.540799 0 
0.374069 0.478972 0 
0.604108 0.260083 0 
0.00844003 0.757661 0 
0.557607 0.255816 0 
0.0405922 0.792188 0 
0.0528062 0.809071 0 
0.0658234 0.77629 0 
0.587252 0.313653 0 
0.124715 0.773573 0 
0.592482 0.308784 0 
0.112756 0.757078 0 
0.600959 0.312948 0 
0.187792 0.797391 0 
0.165911 0.757158 0 
0.601724 0.351453 0 
0.17561 0.73693 0 
0.557374 0.367317 0 
0.238139 0.728341 0 
0.586037 0.410043 0 
0.260112 0.71741 0 
0.281531 0.720564 0 
0.295202 0.734434 0 
0.55688 0.452918 0 
0.296367 0.724329 0 
0.572131 0.428986 0 
0.344637 0.73067 0 
0.577352 0.486702 0 
0.337887 0.697987 0 
0.357229 0.655756 0 
0.573305 0.519099 0 
0.387128 0.647388 0 
0.401421 0.651882 0 
0.541015 0.518658 0 
0.500562 0.572752 0 
0.525684 0.566729 0 
0.444219 0.650007 0 
0.438308 0.607687 0 
0.438812 0.664729 0 
0.482693 0.611673 0 
0.503903 0.596512 0 
0.0174159 -0.041965 0 
-0.291043 -0.153857 0 
-0.119529 -0.175417 0 
-0.259912 0.660988 0 
-0.058538 0.739704 0 
0.401074 0.173508 0 
-0.0371929 0.0407516 0 
0.543398 0.0554215 0 
0.180552 -0.651082 0 
-0.730506 0.470816 0 
0.372144 0.00165993 0 
-0.524975 0.684437 0 
0.318363 -0.590258 0 
-0.314475 0.596871 0 
-0.804101 -0.567636 0 
0.0573131 -0.129643 0 
-0.476223 -0.819318 0 
-0.35834 0.535514 0 
0.162264 -0.180293 0 
0.166643 -0.0690212 0 
0.338305 -0.590894 0 
0.243039 0.694053 0 
0.388874 0.500434 0 
0.29317 0.0253956 0 
0.113666 0.647176 0 
0.408888 0.587049 0 
0.337327 0.0437294 0 
0.399257 0.213709 0 
0.17017 -0.666711 0 
0.564805 0.461165 0 
-0.74882 -0.455093 0 
-0.402689 -0.770564 0 
-0.497512 -0.578417 0 
-0.318022 0.598445 0 
-0.355153 0.531247 0 
0.428186 0.181654 0 
0.547145 -0.447208 0 
-0.0646794 -0.789325 0 
-0.134538 -0.80354 0 
0.275117 -0.768532 0 
-0.801071 -0.528325 0 
0.558818 0.410435 0 
0.0512606 -0.134377 0 
0.372319 0.681627 0 
-0.207598 0.609563 0 
0.586582 0.192052 0 
0.120252 0.0238249 0 
-0.282451 0.694096 0 
0.116382 -0.673783 0 
-0.792889 -0.467847 0 
-0.323966 0.576603 0 
-0.783911 -0.211029 0 
0.274037 -0.633253 0 
-0.540389 -0.567367 0 
0.336111 -0.567055 0 
0.230099 -0.579382 0 
-0.780546 -0.478445 0 
-0.861624 0.463356 0 
0.338789 -0.659162 0 
-0.421254 -0.111698 0 
0.489113 0.179395 0 
-0.208353 -0.833872 0 
0.16382 0.784511 0 
-0.00252555 -0.639437 0 
0.213692 0.623805 0 
-0.140801 -0.796256 0 
0.42362 0.228422 0 
-0.402156 -0.741807 0 
-0.0905451 0.762061 0 
-0.041824 0.5889 0 
0.336047 -0.591505 0 
0.315025 0.130375 0 
-0.265921 -0.870974 0 
-0.528678 0.565627 0 
-0.707952 0.386916 0 
-0.238994 0.608622 0 
0.563548 0.244618 0 
-0.706521 -0.343935 0 
-0.826575 -0.334824 0 
0.327973 0.660427 0 
0.165344 0.0825173 0 
-0.164179 -0.150635 0 
0.199668 0.108545 0 
0.124748 -0.775686 0 
0.222325 -0.824316 0 
-0.387099 -0.253022 0 
-0.141283 0.736349 0 
0.280301 -0.0176727 0 
-0.613635 -0.255647 0 
0.143548 -0.782091 0 
-0.532855 0.469749 0 
-0.92392 0.22467 0 
-0.91866 0.56291 0 
-0.1201 0.53814 0 
-0.06794 0.53389 0 
-0.07895 0.47729 0 
0.16603 0.52187 0 
-0.29904 -0.28765 0 
-0.23301 -0.27137 0 
-0.44498 -0.30038 0 
-0.76411 -0.023 0 
-0.86316 -0.63367 0 
-0.65981 -0.84949 0 
-0.59617 -0.89407 0 
-0.10383 -0.9061 0 
-0.36794 -0.57281 0 
0.07273 -0.55229 0 
0.05072 -0.22679 0 
0.27895 -0.16594 0 
0.46603 -0.33647 0 
0.60383 -0.56432 0 
0.43301 -0.74335 0 
0.59569 0.06616 0 
0.66986 0.36761 0 
0.47703 0.76175 0 
0.52392 0.73344 0 
-0.02392 0.87992 0 
-0.53876 0.82755 0 
