-1.512143 -7.233114 1.395894 
-2.639862 -8.627838 1.791834 
-2.439156 -8.516659 1.723755 
-2.339561 -8.450546 1.90683 
-2.156921 -7.597305 1.996826 
-1.969505 -7.529686 1.972717 
-1.47673 -7.510551 1.564758 
-2.767628 -7.125569 1.815935 
-2.23415 -7.228784 1.758384 
-1.745915 -7.21677 1.768219 
-1.41597 -7.304846 1.731049 
-2.666858 -8.620284 2.238904 
-3.014183 -8.207382 2.479584 
-2.664403 -8.069629 2.444601 
-2.265994 -8.28694 2.309429 
-1.960609 -8.018906 2.483704 
-2.631052 -7.734936 2.285323 
-2.265765 -7.723804 2.165604 
-1.746863 -7.662238 2.285455 
-2.692496 -7.211656 2.282232 
-2.435577 -7.400932 2.100739 
-1.580154 -7.405123 2.1063 
-1.32692 -7.219976 2.266577 
-1.123526 -6.771358 2.223701 
-2.666322 -9.273058 2.961884 
-2.326555 -9.123713 2.945419 
-3.511925 -8.53112 2.965546 
-3.172208 -8.694189 2.902786 
-2.727645 -8.711222 2.782799 
-2.272111 -8.743389 2.783717 
-1.941517 -8.6751 2.914856 
-3.104434 -8.355247 2.742053 
-2.84896 -8.250454 2.794258 
-2.202699 -8.357433 2.599074 
-1.765246 -8.212254 2.784373 
-3.002159 -7.624359 2.893402 
-2.859105 -7.765269 2.732541 
-1.64174 -7.865722 2.632294 
-1.4189 -7.684985 2.786072 
-3.02256 -7.058403 2.94989 
-2.914977 -7.280512 2.689969 
-1.267321 -7.271674 2.741052 
-3.009552 -6.894211 2.821594 
-2.981858 -6.712395 2.711295 
-1.12779 -6.76861 2.716824 
-3.036217 -12.06068 3.408417 
-2.970566 -12.01381 3.266907 
-3.33223 -11.89146 3.382751 
-2.421082 -11.25042 3.495422 
-2.826523 -10.6002 3.275024 
-3.781876 -10.15734 3.460254 
-3.320473 -10.08345 3.378914 
-2.721587 -10.23409 3.272993 
-2.249442 -10.19616 3.390059 
-3.6408 -9.806061 3.427017 
-3.249176 -9.700437 3.31642 
-2.739638 -9.773464 3.141859 
-2.25261 -9.754414 3.196335 
-1.891959 -9.7013 3.391392 
-3.67729 -9.243031 3.253151 
-3.209729 -9.283296 3.25604 
-2.843864 -9.262043 3.067144 
-2.209243 -9.357929 3.069388 
-1.796962 -9.231883 3.293719 
-3.214185 -8.775205 3.276019 
-2.974636 -8.859982 3.107605 
-1.690408 -8.768245 3.208256 
-1.465347 -8.622215 3.45813 
-3.183872 -8.249729 3.239511 
-1.555857 -8.314455 3.101051 
-1.422333 -8.240997 3.349469 
-3.154567 -7.713772 3.200725 
-1.344371 -7.764604 3.212472 
-3.113487 -7.223908 3.239169 
-1.27795 -7.255801 3.273111 
-3.039678 -6.767426 3.322577 
-2.975845 -6.567505 3.094879 
-1.283917 -6.735927 3.26321 
-3.684353 -13.00265 3.834503 
-3.447769 -13.05733 3.966522 
-3.80014 -12.72105 3.931122 
-3.131027 -12.12553 3.549133 
-3.081164 -11.77054 3.752676 
-2.723473 -11.681 3.751099 
-2.087593 -11.56982 3.526337 
-3.516266 -11.02235 3.949615 
-3.26091 -11.26752 3.885513 
-2.790874 -11.19429 3.655792 
-2.353436 -11.44156 3.571808 
-3.57811 -10.8708 3.947571 
-3.257474 -10.71067 3.783424 
-2.951096 -10.72906 3.582428 
-1.94133 -10.51031 3.774872 
-3.634394 -10.24142 3.843689 
-3.322259 -10.24553 3.736456 
-2.999619 -10.40527 3.521576 
-2.081291 -10.42379 3.530914 
-1.779269 -10.21427 3.727123 
-1.148516 -10.33245 3.974559 
-3.655167 -9.754386 3.834391 
-3.356163 -9.799945 3.664983 
-1.621628 -9.703255 3.666538 
-1.435898 -9.627346 3.92115 
-3.600063 -9.288767 3.821363 
-3.400267 -9.225688 3.568073 
-1.542706 -9.216957 3.558151 
-1.308454 -9.237047 3.845356 
-0.8141632 -9.150541 3.881383 
-3.563761 -8.769162 3.863304 
-3.437163 -8.752597 3.608069 
-1.504501 -8.979134 3.53302 
-1.325998 -8.746738 3.804867 
-3.559221 -8.28219 3.886755 
-3.456136 -8.258414 3.669263 
-1.319808 -8.233359 3.770218 
-3.55648 -7.930885 3.956299 
-3.331518 -7.733593 3.760431 
-1.26332 -7.727948 3.768605 
-3.270568 -7.261159 3.742902 
-1.214686 -7.223938 3.803903 
-3.128105 -6.717469 3.771879 
-1.168216 -6.747668 3.759648 
-0.9381104 -6.573753 3.899384 
-3.037491 -6.363752 3.872597 
-1.195348 -6.237063 3.734514 
-2.289408 -15.15752 4.416057 
-2.438427 -14.8242 4.397675 
-3.164513 -14.00544 4.489075 
-3.128399 -13.60279 4.384033 
-2.880252 -13.7496 4.2883 
-3.798233 -13.00307 4.0755 
-3.182638 -13.24321 4.212179 
-2.906185 -13.36105 4.186981 
-1.789098 -13.24641 4.368876 
-3.572153 -12.6697 4.414833 
-3.449463 -12.7638 4.302849 
-1.677608 -12.58036 4.376923 
-3.628557 -12.24426 4.311829 
-3.232432 -12.23441 4.04126 
-1.58805 -12.27078 4.337855 
-3.668187 -11.68242 4.285684 
-3.361942 -11.83215 4.053291 
-1.405548 -11.85714 4.428421 
-3.727341 -11.23315 4.270163 
-4.059993 -10.58892 4.363902 
-3.838424 -10.77263 4.198117 
-3.79044 -10.23819 4.167493 
-1.28464 -10.12978 4.06233 
-3.727908 -9.724544 4.259439 
-1.322881 -9.780228 4.07928 
-3.774906 -9.252667 4.253146 
-1.197556 -9.463459 4.043549 
-3.641084 -8.694508 4.281685 
-3.616072 -8.265484 4.147391 
-3.388802 -8.126633 4.389465 
-1.219156 -8.18427 4.178275 
-3.551747 -7.896776 4.159485 
-3.341872 -7.679274 4.294627 
-1.207831 -7.733352 4.23384 
-0.9459991 -7.794823 4.415741 
-3.254441 -7.217762 4.258532 
-2.97702 -7.050575 4.475708 
-1.175179 -7.259045 4.22306 
-3.154841 -6.735307 4.260074 
-2.918541 -6.745257 4.405365 
-1.120429 -6.760569 4.262592 
-0.9880142 -6.513222 4.015167 
-3.064163 -6.282378 4.255042 
-2.853421 -6.235673 4.261242 
-1.08602 -6.273133 4.234014 
-0.992775 -6.074429 4.233719 
-0.343832 -6.191582 4.43045 
-3.38936 -15.1371 4.925568 
-2.134859 -15.17868 4.800519 
-3.531265 -14.77628 4.941467 
-3.344513 -14.92102 4.825378 
-2.21938 -14.769 4.676642 
-3.650389 -14.23246 4.867664 
-3.403694 -14.26362 4.697449 
-1.856483 -14.24909 4.798327 
-3.699979 -13.74152 4.794592 
-3.41243 -13.84008 4.58197 
-1.739591 -13.74372 4.778549 
-3.812876 -13.23617 4.817848 
-3.471428 -13.2258 4.644501 
-1.679447 -13.23307 4.701691 
-3.834715 -12.79004 4.745395 
-1.605565 -12.7339 4.718977 
-1.42477 -12.62991 4.945694 
-4.008133 -12.24553 4.952617 
-3.887143 -12.25658 4.705159 
-1.55792 -12.43327 4.651723 
-1.415266 -12.19014 4.774549 
-4.10146 -11.6179 4.926971 
-3.884948 -11.78511 4.704502 
-1.306673 -11.7512 4.783145 
-4.051283 -11.22011 4.875266 
-3.938197 -11.22265 4.636139 
-1.110353 -11.24694 4.834896 
-4.13273 -10.70819 4.790527 
-3.977295 -10.91126 4.630234 
-1.024422 -10.95406 4.996765 
-3.720238 -9.600113 4.589325 
-3.742455 -9.453354 4.574554 
-1.056969 -9.127739 4.843842 
-3.609486 -8.746969 4.810791 
-3.416116 -8.636959 4.798126 
-1.10762 -8.699153 4.815277 
-0.9179192 -8.844542 4.559357 
-3.615154 -8.398251 4.61322 
-3.327124 -8.209781 4.783163 
-1.186512 -8.257832 4.755392 
-3.23275 -7.759124 4.762941 
-2.872276 -7.602137 4.937042 
-1.259782 -7.763154 4.767491 
-0.9948273 -7.979553 4.524658 
-3.151252 -7.309375 4.670797 
-2.815023 -7.24812 4.853567 
-2.302399 -7.000175 4.976563 
-1.25569 -7.163032 4.750214 
-3.116138 -6.741964 4.552849 
-2.770219 -6.773671 4.771925 
-2.411895 -6.683491 4.925636 
-1.192153 -6.772996 4.708601 
-3.04689 -6.399864 4.570953 
-2.722056 -6.244236 4.68058 
-2.403157 -6.268778 4.916416 
-1.524506 -6.379333 4.924225 
-1.189629 -6.254064 4.729018 
-0.7553036 -6.338715 4.770177 
-0.3127499 -6.333082 4.739456 
-1.094203 -5.826086 4.802286 
-2.103615 -17.07457 5.266296 
-3.532112 -16.6488 5.437612 
-3.460167 -16.52182 5.332062 
-2.063568 -16.75986 5.167593 
-1.896182 -16.70554 5.389796 
-4.203453 -16.06714 5.480743 
-3.575684 -16.26323 5.415538 
-3.434891 -16.37539 5.299042 
-1.900983 -16.23848 5.358256 
-3.739178 -15.7331 5.379858 
-3.423698 -15.61 5.090714 
-2.10582 -15.89201 5.034393 
-1.797312 -15.74105 5.352509 
-3.711096 -15.25813 5.292948 
-3.476685 -15.04642 5.032043 
-1.780823 -15.26851 5.198034 
-3.794163 -14.76537 5.224636 
-1.670537 -14.74652 5.256137 
-4.115173 -14.19853 5.358124 
-3.888926 -14.26508 5.149208 
-1.61703 -14.22308 5.242355 
-4.09954 -13.69825 5.352831 
-3.931131 -13.78608 5.139562 
-1.541255 -13.74957 5.260288 
-1.497925 -13.53728 5.193054 
-4.13577 -13.23154 5.217934 
-3.974834 -13.3341 5.071426 
-1.528421 -13.34166 5.237244 
-1.412636 -13.12366 5.338389 
-4.058249 -12.71651 5.257599 
-3.995018 -12.98961 5.074127 
-1.523262 -12.95119 5.058075 
-1.461278 -12.76941 5.245126 
-4.038274 -12.25897 5.253311 
-1.422801 -12.2642 5.261847 
-4.052457 -11.72878 5.275877 
-1.333481 -11.73954 5.258649 
-4.100913 -11.27512 5.243605 
-3.985912 -11.17902 5.379181 
-1.253332 -11.23201 5.247319 
-4.183456 -10.75137 5.24387 
-3.995502 -10.9133 5.42131 
-1.154223 -10.84703 5.329082 
-3.48764 -9.533775 5.451904 
-1.518169 -9.841892 5.397903 
-1.29242 -9.678123 5.277843 
-3.354741 -9.159687 5.394984 
-1.512695 -9.002602 5.424957 
-1.281145 -9.257083 5.206044 
-3.248915 -8.740129 5.264121 
-2.881023 -8.608521 5.457025 
-1.614421 -8.669002 5.387555 
-1.345815 -8.787523 5.206655 
-3.173627 -8.269506 5.149367 
-2.737663 -8.250168 5.340591 
-2.262148 -8.250099 5.427114 
-1.73017 -8.219419 5.30726 
-1.3306 -8.24047 5.08988 
-3.089226 -7.837791 5.046341 
-2.726268 -7.774643 5.114621 
-2.271015 -7.727948 5.263433 
-1.782854 -7.781257 5.215177 
-1.479507 -7.858665 5.045563 
-2.518135 -7.391617 5.04891 
-2.212832 -7.238646 5.118559 
-1.716013 -7.30151 5.142748 
-1.485115 -7.153008 5.016632 
-2.738091 -6.867649 5.051163 
-2.249199 -6.747967 5.128179 
-1.765724 -6.751382 5.146912 
-1.207855 -6.717451 5.191353 
-0.7255341 -6.645339 5.272705 
-0.4533056 -6.567596 5.222819 
-2.172797 -6.196781 5.11836 
-1.74644 -6.222131 5.184561 
-1.247996 -6.126133 5.208949 
-0.9653206 -6.303139 5.093353 
-2.520836 -5.902466 5.050079 
-2.230958 -5.757982 5.18114 
-1.748558 -5.714243 5.235644 
-1.269816 -5.779597 5.259896 
-2.811146 -21.80016 5.938812 
-3.124756 -20.50333 5.972809 
-3.560326 -20.15849 5.864914 
-3.316559 -20.33898 5.937439 
-1.70879 -18.70542 5.924301 
-1.792137 -18.29265 5.88031 
-4.054352 -17.65445 5.884033 
-3.937187 -17.71386 5.682312 
-2.031668 -17.76777 5.5896 
-1.826172 -17.74304 5.844427 
-4.08905 -17.30458 5.823608 
-1.740181 -17.23359 5.740779 
-3.784215 -16.68896 5.774312 
-1.664823 -16.75086 5.757529 
-4.115854 -16.25323 5.834998 
-3.843841 -16.25677 5.754491 
-1.69209 -16.23758 5.73399 
-4.113296 -15.76966 5.831314 
-3.906846 -15.75802 5.711283 
-1.651632 -15.7977 5.755306 
-4.135179 -15.25978 5.820087 
-3.923948 -15.30229 5.648199 
-1.59917 -15.26131 5.720569 
-4.049071 -14.76344 5.794547 
-3.985247 -14.69682 5.553752 
-1.569669 -14.70493 5.776346 
-4.097393 -14.18681 5.672185 
-1.545905 -14.23872 5.753838 
-4.095085 -13.81109 5.750847 
-1.559637 -13.74369 5.707325 
-4.083867 -13.2846 5.736914 
-1.533807 -13.31058 5.857971 
-1.473806 -13.19754 5.667053 
-4.059762 -12.72847 5.691541 
-3.969391 -12.62141 5.809753 
-1.541172 -12.80648 5.905151 
-1.479429 -12.73124 5.650432 
-4.067964 -12.28055 5.716969 
-3.902421 -12.27627 5.796965 
-1.551474 -12.29523 5.921028 
-1.453429 -12.25083 5.678814 
-4.057121 -11.79593 5.724023 
-3.883225 -11.65686 5.803508 
-1.565525 -11.70648 5.894753 
-1.447087 -11.79506 5.669015 
-3.847104 -11.22949 5.766448 
-1.608083 -11.26401 5.91243 
-1.358842 -11.20989 5.669928 
-4.092908 -10.71058 5.605031 
-3.863838 -10.76981 5.814536 
-1.642441 -10.68124 5.958008 
-1.259439 -10.75796 5.731967 
-3.267493 -10.12968 5.956321 
-2.740627 -10.08324 5.946426 
-2.001411 -10.04605 5.965363 
-1.694295 -10.21269 5.840965 
-1.308163 -10.23638 5.635307 
-3.238892 -9.765388 5.762595 
-2.796799 -9.718187 5.896527 
-2.293845 -9.732424 5.957296 
-1.752873 -9.730736 5.745314 
-3.165624 -9.301817 5.60445 
-2.778252 -9.232385 5.750854 
-2.213328 -9.210775 5.810389 
-1.738825 -9.266924 5.684879 
-2.728842 -8.780974 5.577922 
-2.283459 -8.765934 5.610998 
-1.845683 -8.831594 5.589717 
-2.062401 -8.495789 5.533875 
-1.873627 -5.66259 5.660828 
-1.616932 -27.52516 6.263931 
-2.242348 -27.15668 6.349457 
-1.628322 -27.33047 6.281264 
-2.131996 -26.89969 6.356827 
-1.81307 -26.71758 6.336945 
-1.740039 -26.37836 6.16571 
-2.232506 -23.51154 6.457794 
-3.25565 -23.12398 6.4673 
-2.973263 -23.2729 6.315323 
-2.264418 -23.17368 6.377356 
-3.190308 -22.68441 6.352905 
-2.832859 -22.7807 6.151657 
-2.150171 -22.76205 6.370522 
-1.968994 -22.576 6.498749 
-3.25029 -22.44379 6.369263 
-2.651957 -22.12959 6.095571 
-2.193504 -22.18389 6.211705 
-1.948359 -22.20476 6.41452 
-3.501175 -21.56582 6.180725 
-3.187963 -21.82644 6.1362 
-2.676575 -21.93421 6.061046 
-2.240169 -21.774 6.168349 
-1.90952 -21.78367 6.408173 
-2.097752 -21.41801 6.097305 
-3.724408 -20.2717 6.293246 
-3.328423 -20.38702 6.060791 
-3.730966 -19.81914 6.332794 
-3.491821 -19.95493 6.172241 
-4.076057 -19.23341 6.400269 
-3.894211 -19.43112 6.427734 
-1.632535 -19.13324 6.322144 
-4.136734 -18.62945 6.325073 
-1.637303 -18.75721 6.275841 
-4.139217 -18.18462 6.351968 
-1.642547 -18.20612 6.209039 
-1.468628 -18.33773 6.420273 
-4.131049 -17.73325 6.26844 
-1.623629 -17.74258 6.265201 
-4.11324 -17.25204 6.243646 
-1.625527 -17.28588 6.243527 
-4.160489 -16.70518 6.240631 
-3.959178 -16.58931 6.118948 
-1.58252 -16.76135 6.244058 
-4.020538 -16.16794 6.280004 
-3.977222 -16.35195 6.14753 
-1.595439 -16.25903 6.271579 
-4.041432 -15.74342 6.254223 
-1.593154 -15.74728 6.275302 
-4.053393 -15.2884 6.263902 
-3.942543 -15.32336 6.44458 
-1.610876 -15.24286 6.238267 
-4.048693 -14.76576 6.278636 
-3.964676 -14.77526 6.485825 
-1.625463 -14.79618 6.234192 
-4.049333 -14.22824 6.191171 
-3.913982 -14.21963 6.412699 
-1.629686 -14.25513 6.248389 
-4.07815 -13.73573 6.191981 
-3.884409 -13.75326 6.332526 
-1.647056 -13.75169 6.297502 
-4.56226 -13.14719 6.070862 
-4.192735 -13.2397 6.20598 
-3.840457 -13.21506 6.395857 
-3.311478 -13.17708 6.396057 
-1.705486 -13.22383 6.272305 
-4.175572 -12.78893 6.263321 
-3.802213 -12.73449 6.284645 
-3.494659 -12.51427 6.443939 
-2.013771 -12.54438 6.490723 
-1.738148 -12.76203 6.267446 
-3.728498 -12.27746 6.21432 
-3.302863 -12.14101 6.397415 
-2.055462 -12.0991 6.443359 
-1.792598 -12.27149 6.226456 
-3.659364 -11.76593 6.161602 
-3.215564 -11.77545 6.353137 
-2.743811 -11.64617 6.468425 
-2.175016 -11.67967 6.386439 
-1.814113 -11.79244 6.15701 
-3.61378 -11.29101 6.14004 
-3.300349 -11.22775 6.291525 
-2.795563 -11.24192 6.3441 
-2.246481 -11.2596 6.315744 
-1.850459 -11.26295 6.112208 
-3.583516 -10.795 6.080319 
-3.293054 -10.75376 6.200451 
-2.781939 -10.7219 6.239219 
-2.221504 -10.72211 6.139819 
-1.876581 -10.728 6.077081 
-3.278949 -10.29199 6.121521 
-2.726912 -10.24474 6.104342 
-2.254976 -10.28276 6.060062 
-2.666789 -9.90728 6.026031 
-2.429832 -9.880241 6.035757 
-2.199776 -28.23949 6.777817 
-1.897057 -28.19591 6.891736 
-2.203551 -27.77461 6.876172 
-1.790764 -27.80499 6.88013 
-2.118477 -27.33632 6.920654 
-1.721223 -27.25721 6.808683 
-2.119827 -26.96502 6.813324 
-1.701767 -26.76051 6.877767 
-1.481392 -26.61915 6.984802 
-1.550751 -26.39859 6.778015 
-1.491486 -26.31823 6.918701 
-3.283548 -24.25472 6.831808 
-3.407058 -23.74067 6.789103 
-2.133881 -23.5403 6.574554 
-3.560776 -23.23898 6.825333 
-3.44794 -23.30065 6.672687 
-2.095074 -23.23233 6.5653 
-1.877675 -23.22414 6.804976 
-3.624065 -22.76596 6.760387 
-3.30661 -22.95773 6.544403 
-1.755734 -22.76974 6.791337 
-1.696176 -22.26605 6.763041 
-3.853662 -21.6963 6.913763 
-1.667162 -21.74047 6.7325 
-3.874847 -21.2972 6.913559 
-1.584656 -21.43788 6.86496 
-4.06611 -20.76137 6.824158 
-3.970222 -20.6665 6.793594 
-4.014618 -20.43464 6.935471 
-3.908998 -20.22248 6.765121 
-4.055761 -19.75335 6.841407 
-3.913927 -19.88135 6.656543 
-4.065366 -19.25922 6.826925 
-3.985408 -19.37066 6.804626 
-1.55439 -19.1824 6.598806 
-1.479216 -19.19467 6.871025 
-4.178956 -18.69454 6.705553 
-1.517573 -18.71018 6.767685 
-1.491753 -18.98267 6.957336 
-4.095236 -18.28034 6.722219 
-3.962402 -18.07023 6.960022 
-1.530184 -18.2282 6.792801 
-1.459118 -18.38044 6.557007 
-4.08188 -17.76019 6.746227 
-3.966545 -17.63293 6.871384 
-1.546467 -17.76858 6.734886 
-4.094 -17.23888 6.81107 
-3.996132 -17.45716 6.893097 
-1.586932 -17.25673 6.773298 
-4.100669 -16.75156 6.77432 
-3.941658 -16.82441 6.821625 
-1.649843 -16.74466 6.771644 
-1.224926 -16.81693 6.908371 
-4.052961 -16.31146 6.645321 
-3.958415 -16.15048 6.868266 
-1.692495 -16.24862 6.771498 
-1.311913 -16.06046 6.732117 
-4.02746 -15.743 6.6217 
-3.870906 -15.69679 6.840311 
-1.750491 -15.76277 6.780056 
-1.3006 -15.84246 6.734418 
-4.300377 -15.22591 6.841441 
-3.831743 -15.25931 6.780831 
-1.799765 -15.26399 6.797091 
-1.480606 -15.29283 6.951019 
-4.326134 -14.73584 6.831306 
-3.765083 -14.7415 6.747456 
-3.404094 -14.59725 6.966899 
-2.01547 -14.76427 6.911611 
-1.824043 -14.76639 6.675394 
-4.274082 -14.3536 6.75141 
-3.741873 -14.26862 6.727563 
-3.355839 -14.22181 6.92566 
-2.145595 -14.2373 6.912258 
-1.795549 -14.25243 6.695622 
-4.276129 -13.79306 6.61377 
-3.71076 -13.7782 6.692076 
-3.327877 -13.71972 6.870958 
-2.725309 -13.69307 6.955323 
-2.198173 -13.75264 6.884176 
-1.759259 -13.83174 6.688622 
-1.463272 -13.92979 6.528656 
-4.131618 -13.26836 6.504313 
-3.649995 -13.31409 6.625996 
-3.241006 -13.27013 6.773385 
-2.758528 -13.29145 6.855764 
-2.276937 -13.23397 6.792667 
-1.875324 -13.37956 6.582184 
-3.551186 -12.9531 6.596619 
-3.276184 -12.73492 6.710478 
-2.763855 -12.7745 6.748439 
-2.278974 -12.69689 6.684709 
-1.907036 -12.81638 6.564056 
-3.599598 -12.22362 6.561275 
-3.207903 -12.27413 6.711232 
-2.774597 -12.25899 6.674723 
-2.313526 -12.26717 6.588596 
-1.986961 -12.23624 6.539856 
-3.51506 -11.91698 6.51413 
-3.238425 -11.75949 6.630117 
-2.779376 -11.78528 6.725431 
-2.374134 -11.78778 6.528679 
-3.166443 -11.21165 6.559072 
-2.834133 -11.23987 6.839325 
-3.125827 -10.70307 6.556152 
-2.862722 -10.83414 6.737946 
-2.496727 -10.93629 6.502014 
-3.111374 -10.2542 6.572067 
-2.93501 -10.40692 6.723724 
-2.960617 -9.990768 6.615753 
-1.707911 -28.24667 7.043386 
-1.315324 -28.14025 7.314039 
-1.425919 -27.7667 7.265203 
-1.296829 -27.24527 7.310146 
-1.300002 -26.75829 7.261658 
-1.293104 -26.26474 7.27623 
-3.74273 -24.19614 7.27396 
-3.762816 -23.76848 7.242791 
-3.843088 -23.26219 7.269922 
-1.588058 -23.08744 7.173492 
-3.904872 -22.72733 7.267436 
-1.539331 -22.731 7.093613 
-1.471874 -22.71879 7.365479 
-4.027433 -22.18503 7.284139 
-3.917688 -22.24835 7.240028 
-1.511963 -22.1812 7.10379 
-1.45766 -22.23851 7.316782 
-4.035622 -21.85653 7.233197 
-3.942248 -21.68719 7.325916 
-1.522564 -21.80771 7.089745 
-1.413059 -21.78801 7.383179 
-4.041279 -21.29791 7.317968 
-3.948389 -21.26569 7.221927 
-1.530022 -21.48456 7.018555 
-1.422321 -21.37329 7.269508 
-4.028686 -20.70125 7.235988 
-3.987284 -20.74498 7.134689 
-1.472282 -20.77523 7.465973 
-4.050211 -20.2455 7.265931 
-3.939026 -20.20712 7.27124 
-1.298042 -20.32241 7.429962 
-0.8262939 -20.37919 7.387543 
-4.057002 -19.78264 7.248019 
-3.988282 -19.70428 7.302068 
-4.072388 -19.22473 7.160091 
-3.925987 -19.24252 7.352216 
-1.534088 -19.03771 7.2765 
-1.491028 -19.17391 7.135864 
-4.091819 -18.68997 7.203574 
-3.880744 -18.75362 7.371017 
-1.566842 -18.76316 7.253161 
-4.065848 -18.25597 7.094934 
-3.880426 -18.26579 7.285102 
-1.62835 -18.26053 7.227236 
-1.420347 -18.37464 7.399292 
-4.034683 -17.68561 7.040202 
-3.830121 -17.74611 7.289053 
-1.725362 -17.75757 7.286527 
-4.008751 -17.27076 7.101196 
-3.738272 -17.22208 7.276051 
-3.398659 -17.16479 7.48642 
-2.046516 -17.02671 7.480743 
-1.785219 -17.25209 7.24451 
-4.572937 -16.86881 7.165558 
-4.230569 -16.70623 7.233679 
-3.747202 -16.74009 7.217418 
-3.3818 -16.67184 7.429649 
-2.082769 -16.67324 7.470073 
-1.795569 -16.7658 7.210192 
-1.447968 -16.76423 7.165456 
-4.186619 -16.33898 7.254425 
-3.71227 -16.25399 7.204381 
-3.280519 -16.1995 7.391499 
-2.781145 -16.18628 7.47492 
-2.238605 -16.21104 7.375745 
-1.860576 -16.25259 7.099274 
-4.21075 -15.76587 7.112021 
-3.690252 -15.77223 7.106441 
-3.288823 -15.72684 7.297224 
-2.754675 -15.72584 7.439133 
-2.250408 -15.74072 7.311855 
-1.963425 -15.75637 7.10733 
-4.111122 -15.27525 7.026627 
-3.642154 -15.20466 7.085602 
-3.263778 -15.21037 7.246045 
-2.722667 -15.2627 7.309594 
-2.281354 -15.27652 7.237864 
-1.839434 -15.26524 7.060661 
-4.044868 -14.75328 7.001312 
-3.569305 -14.87522 7.103526 
-3.270429 -14.72232 7.177449 
-2.779324 -14.75617 7.216351 
-2.319099 -14.72317 7.104745 
-3.588074 -14.3498 7.004745 
-3.204475 -14.31565 7.124863 
-2.815443 -14.21698 7.189809 
-2.394135 -14.39048 7.032379 
-3.233127 -13.83232 7.082703 
-2.857304 -13.72819 7.115628 
-2.334181 -13.80551 7.10656 
-2.885628 -13.4065 7.280106 
-2.292046 -13.38221 7.09288 
-3.052856 -12.88097 7.016357 
-2.965302 -12.79674 7.124451 
-2.779854 -12.08855 7.137894 
-2.800861 -11.73349 7.149578 
-2.820697 -11.31421 7.183996 
-1.064507 -28.12671 7.664226 
-0.7372131 -28.16903 7.796577 
-1.146137 -27.7855 7.726517 
-0.994873 -27.92793 7.903778 
-1.103125 -27.26894 7.747036 
-1.128128 -26.70339 7.762806 
-1.160973 -26.22247 7.733648 
-1.164619 -25.95413 7.539368 
-3.810051 -25.32349 7.736755 
-3.910867 -24.77489 7.908478 
-3.894686 -24.20799 7.815541 
-3.934451 -23.75834 7.745847 
-3.938953 -23.28048 7.736855 
-1.478287 -23.03179 7.577698 
-4.067024 -22.91856 7.75399 
-3.928789 -22.71213 7.810674 
-1.435567 -22.80262 7.767483 
-4.008324 -22.04528 7.626556 
-3.930905 -22.28633 7.769997 
-1.360704 -22.27694 7.631134 
-4.005219 -21.76025 7.539368 
-3.947797 -21.76528 7.738094 
-1.338684 -21.79285 7.546112 
-4.028661 -21.28228 7.642377 
-3.918694 -21.26382 7.855298 
-1.556019 -21.21207 7.920006 
-4.010732 -20.80482 7.553375 
-3.891581 -20.75854 7.82102 
-1.52529 -20.74916 7.777295 
-1.458618 -20.73935 7.756622 
-4.013563 -20.33811 7.529195 
-3.836299 -20.23823 7.781056 
-1.521698 -20.45593 7.747162 
-1.132439 -20.2944 7.641357 
-4.120705 -19.846 7.770386 
-3.778574 -19.7314 7.770488 
-3.480328 -19.59887 7.965698 
-1.709404 -19.5815 7.788086 
-3.732146 -19.25603 7.695166 
-3.450583 -19.16643 7.949561 
-1.848765 -19.06509 7.777344 
-3.672019 -18.73191 7.692804 
-3.318516 -18.66309 7.929821 
-2.558403 -18.53358 7.994019 
-2.18433 -18.71674 7.973183 
-1.822614 -18.74131 7.700741 
-1.475342 -18.68938 7.577667 
-3.64597 -18.24525 7.643386 
-3.285656 -18.23592 7.838635 
-2.770068 -18.23406 7.953915 
-2.265907 -18.25745 7.939 
-1.855601 -18.27032 7.638638 
-1.493492 -18.48623 7.591187 
-3.607799 -17.7845 7.572735 
-3.258907 -17.78429 7.726338 
-2.725701 -17.71908 7.878335 
-2.262888 -17.76777 7.823425 
-1.898448 -17.85116 7.564342 
-3.24584 -17.26561 7.626348 
-2.784931 -17.26014 7.759142 
-2.282911 -17.26439 7.671649 
-3.509644 -16.66243 7.517761 
-3.232831 -16.79343 7.551794 
-2.786242 -16.7445 7.616688 
-2.335802 -16.77455 7.59713 
-3.580616 -16.24645 7.526337 
-3.076881 -16.19851 7.649918 
-2.739906 -16.43673 7.54097 
-3.216814 -15.83874 7.697301 
-2.473007 -15.59774 7.94281 
-3.129138 -15.14117 7.629558 
-2.837975 -15.27831 7.790115 
-2.907158 -14.8884 7.550995 
-3.004036 -14.32474 7.581177 
-2.960495 -14.07222 7.500275 
-0.6059143 -28.14559 8.200531 
-1.02327 -27.55947 8.005035 
-0.7791616 -27.76661 8.256906 
-1.015689 -27.23183 8.049998 
-0.9640868 -27.28409 8.321218 
-3.981339 -26.59118 8.321106 
-1.03375 -26.63437 8.278091 
-0.983313 -26.78842 8.266626 
-4.036822 -26.2443 8.37381 
-1.099506 -26.28002 8.249168 
-0.9530144 -26.16183 8.252609 
-0.9896927 -25.954 8.206207 
-3.7985 -25.05691 8.137939 
-3.815871 -24.71978 8.258575 
-3.855097 -24.2398 8.281036 
-3.866017 -23.76513 8.256376 
-3.817352 -23.20827 8.253476 
-1.851685 -23.09604 8.498871 
-3.822444 -22.73553 8.267632 
-3.732148 -22.27233 8.27913 
-1.67218 -22.31115 8.498444 
-3.706122 -21.74908 8.247959 
-3.431076 -21.68187 8.459799 
-1.586395 -21.70709 8.358594 
-1.46817 -21.76094 8.436066 
-3.66027 -21.2217 8.252045 
-3.304805 -21.18259 8.404125 
-2.219722 -21.21827 8.486441 
-1.675276 -21.24986 8.330386 
-1.464813 -21.0087 8.399506 
-3.669541 -20.76131 8.158504 
-3.303302 -20.71737 8.345188 
-2.829064 -20.71079 8.454063 
-2.233164 -20.74308 8.469432 
-1.750196 -20.76578 8.251846 
-1.405884 -20.73333 8.261713 
-3.61628 -20.2752 8.120255 
-3.288871 -20.23684 8.267936 
-2.741839 -20.22196 8.35751 
-2.251407 -20.2885 8.339594 
-1.83324 -20.14598 8.185834 
-3.563099 -19.92781 8.031616 
-3.256319 -19.78707 8.153244 
-2.790673 -19.71506 8.291801 
-2.201232 -19.76413 8.23053 
-1.97543 -19.7311 8.162323 
-3.240306 -19.25082 8.069342 
-2.778072 -19.26898 8.216776 
-2.241776 -19.27928 8.146654 
-1.890594 -19.48405 8.200867 
-3.121643 -18.85542 8.036469 
-2.762417 -18.74138 8.063472 
-2.275662 -18.68148 8.086988 
-3.585617 -18.26383 8.414856 
-3.371387 -18.16005 8.291595 
-2.980652 -18.04046 8.190887 
-2.226233 -18.31752 8.215247 
-3.181849 -17.76943 8.317631 
-2.689629 -17.93832 8.124237 
-2.877744 -17.39825 8.225586 
-2.464668 -17.41959 8.015808 
-2.538094 -15.50417 8.061035 
-2.79425 -15.32068 8.031403 
-0.6377503 -28.15754 8.758466 
-0.6102422 -27.74607 8.739672 
-4.003418 -27.16958 8.669891 
-3.919838 -27.11403 8.840231 
-1.004681 -27.03769 8.641922 
-0.7579951 -27.26375 8.778224 
-4.024452 -26.9531 8.707733 
-3.911653 -26.7386 8.80022 
-1.097841 -26.71989 8.742038 
-0.9045753 -26.92688 8.939468 
-3.873098 -26.25451 8.747739 
-1.184443 -26.42916 8.636851 
-4.025208 -25.73977 8.657013 
-3.802983 -25.78375 8.821751 
-4.026291 -25.13512 8.952393 
-3.753766 -25.21518 8.933548 
-1.042145 -25.37699 8.794342 
-3.664792 -24.75444 8.785349 
-1.319782 -24.83058 8.927849 
-3.693191 -24.27043 8.717333 
-3.447659 -24.13354 8.92691 
-1.584557 -24.00244 8.904999 
-1.39624 -24.29445 8.809372 
-3.640273 -23.74475 8.792636 
-3.372772 -23.67126 8.897863 
-1.678915 -23.68941 8.860146 
-1.385427 -23.77405 8.732315 
-3.668947 -23.21718 8.68046 
-3.312476 -23.21083 8.880131 
-2.081924 -23.22621 8.991852 
-1.745548 -23.18301 8.894819 
-3.648765 -22.74169 8.581916 
-3.249164 -22.78338 8.803062 
-2.816796 -22.70357 8.961112 
-1.758717 -22.7355 8.85291 
-3.699379 -22.30419 8.644481 
-3.269374 -22.23251 8.690789 
-2.724553 -22.29254 8.917983 
-2.211315 -22.09105 8.85424 
-1.643881 -22.21039 8.722565 
-3.542618 -21.65147 8.517944 
-3.235798 -21.78411 8.622131 
-2.852262 -21.75856 8.822183 
-2.128966 -21.81072 8.685469 
-1.704906 -21.82892 8.717458 
-1.463531 -21.94223 8.523987 
-3.559433 -21.49729 8.507446 
-3.236909 -21.27309 8.619385 
-2.763602 -21.19598 8.683117 
-2.276098 -21.31451 8.617905 
-1.927818 -21.42306 8.513702 
-1.450157 -21.13668 8.53511 
-3.503006 -20.96253 8.540039 
-3.432602 -20.82331 8.530701 
-2.719607 -20.94036 8.527252 
-2.44471 -20.77709 8.514526 
-2.835266 -19.51515 8.516541 
-2.727737 -19.45218 8.540405 
-3.345512 -17.96369 8.606781 
-0.5554749 -28.11495 9.223945 
-0.4482384 -28.20246 9.450562 
-0.6581594 -27.78168 9.293823 
-3.818764 -27.21675 9.274336 
-0.7792059 -27.25126 9.258845 
-3.666946 -26.76596 9.203247 
-3.411564 -26.57898 9.453186 
-1.168834 -26.69347 9.246653 
-0.933321 -26.86974 9.158218 
-3.712044 -26.30549 9.135025 
-3.386249 -26.20065 9.377411 
-1.337466 -26.08571 9.266165 
-3.598527 -25.74956 9.148102 
-3.29101 -25.71733 9.393451 
-2.977173 -25.62643 9.496094 
-2.071716 -25.57624 9.499756 
-1.80571 -25.67554 9.466881 
-3.566951 -25.38936 9.069601 
-3.27481 -25.2235 9.289318 
-2.818935 -25.21669 9.463244 
-2.063942 -25.22662 9.484915 
-1.827296 -25.17305 9.392904 
-1.30763 -25.10386 9.04835 
-3.287123 -24.76414 9.196594 
-2.750355 -24.75534 9.378044 
-2.257952 -24.74677 9.428357 
-1.778294 -24.73852 9.262256 
-1.470612 -24.98761 9.131104 
-3.264841 -24.27694 9.155828 
-2.72252 -24.21679 9.286801 
-2.204892 -24.27799 9.29433 
-1.777941 -24.27547 9.079025 
-3.186441 -23.80947 9.06979 
-2.804923 -23.72093 9.149759 
-2.325234 -23.77313 9.193379 
-1.901115 -23.80177 9.058556 
-3.11055 -23.34228 9.020844 
-2.754345 -23.26283 9.071136 
-2.329373 -23.27471 9.063435 
-1.552719 -23.13341 9.15509 
-2.638082 -22.85029 9.011475 
-2.317068 -22.73722 9.07227 
-1.604282 -22.89079 9.067566 
-2.659599 -22.06777 9.095932 
-2.360975 -22.11996 9.122946 
-2.750549 -21.9236 9.033997 
-3.893898 -28.10285 9.643036 
-1.214013 -28.09184 9.827601 
-0.7283283 -28.10178 9.785963 
-0.4627864 -28.17709 9.682861 
-3.830425 -27.71812 9.718945 
-1.265891 -27.73889 9.800603 
-0.8727436 -27.90544 9.587524 
-3.673752 -27.34721 9.688644 
-3.366323 -27.15797 9.83284 
-1.648496 -27.18677 9.896892 
-1.260631 -27.22531 9.697055 
-0.9910278 -27.4018 9.560059 
-3.219938 -26.75957 9.729165 
-2.808589 -26.61564 9.823262 
-2.192584 -26.71462 9.867508 
-1.742872 -26.77943 9.791141 
-1.39257 -26.7468 9.629791 
-3.135851 -26.27582 9.562996 
-2.69105 -26.25371 9.67301 
-2.242071 -26.24999 9.743583 
-1.830245 -26.24554 9.762865 
-3.071594 -25.8935 9.535522 
-2.746425 -25.75747 9.569672 
-2.263634 -25.78811 9.6107 
-1.844785 -25.83711 9.566981 
-2.630214 -25.33075 9.530231 
-2.313795 -25.25006 9.536143 
-2.355423 -24.94387 9.500702 
-3.23098 -28.04821 10.13091 
-2.712765 -28.07174 10.41737 
-2.381767 -28.14639 10.4812 
-1.706802 -28.12701 10.30615 
-3.618071 -27.70834 10.04163 
-3.237813 -27.77495 10.159 
-2.808378 -27.78383 10.30965 
-2.376282 -27.73006 10.45422 
-1.680551 -27.84588 10.33149 
-1.443301 -27.7 10.14157 
-3.228232 -27.32051 10.14955 
-2.761254 -27.25506 10.29076 
-2.287112 -27.23381 10.39715 
-1.69327 -27.38505 10.23394 
-1.369245 -27.41594 10.0799 
-3.100052 -26.93867 10.11968 
-2.697334 -26.84627 10.10948 
-2.266767 -26.90317 10.1687 
-1.974289 -26.9686 10.29874 
-2.138736 -28.05318 10.58258 
-1.685284 -28.08221 10.57797 
-2.152097 -27.80889 10.52582 
-1.977117 -27.79029 10.55215 
-2.095932 -27.4084 10.5217 
-1.920479 -27.48117 10.51508 
