8.04919313 8.52281268 0.93934544
7.89477666 8.47671658 2.66186069
7.95080110 8.53848975 4.71970849
7.91419342 8.47215080 6.62555622
7.87418179 8.57514170 8.38969900
6.16724193 8.34473903 0.91839540
5.96870298 8.31859387 2.60852821
5.78031917 8.41180341 4.65543205
5.94608571 8.44806293 6.60267428
5.85682559 8.55054258 8.39994322
4.14160967 8.59538274 0.92585922
3.90511921 8.36678096 2.64657040
3.75036181 8.36365451 4.64668907
3.77736233 8.31150190 6.69979310
3.91102959 8.23802620 8.39298557
2.17424707 8.09469325 0.95880810
2.12451162 8.20300631 2.68818372
2.01459638 8.30415195 4.64087477
2.01299041 8.19852499 6.63749010
2.15913587 8.04743188 8.21110776
0.81687323 7.69776199 1.04752546
0.82052062 7.92096445 2.65291419
0.74375724 7.87348330 4.59907981
0.70551409 7.83271407 6.63301397
0.86326929 7.95226685 8.31718719
8.21344973 6.92762559 0.97913984
8.11875891 6.88352638 2.69937826
7.80988950 6.94135693 4.66712950
7.71694560 6.94796699 6.58646730
7.99546148 7.07478162 8.23419483
6.49286955 6.71654521 1.00281220
6.33475214 6.66615957 2.63850262
6.02770026 6.63078974 4.60491921
6.16011296 6.63376154 6.57487081
6.21860922 6.78491425 8.32717134
4.45819431 6.75349196 0.90144668
4.47625047 6.67210055 2.54744308
4.30533138 6.63234686 4.67455267
4.37294492 6.49018433 6.69300796
4.40650033 6.53435535 8.32110902
2.57679716 6.55554047 0.90397274
2.60346662 6.53285551 2.61359923
2.51473366 6.58411019 4.70557532
2.54707755 6.50383130 6.66752982
2.60377672 6.29593833 8.29199169
0.88745088 5.94667871 1.03460245
0.88066755 5.88800899 2.65192580
0.89302691 5.90101910 4.61540664
0.86939685 5.89514110 6.64191653
0.80675126 5.80638311 8.31741087
8.36224677 4.96637260 0.99701437
8.35208149 5.10263384 2.71096142
8.36201403 5.43083801 4.64421228
8.32608072 5.52832022 6.61702755
8.32799169 5.51419000 8.33930503
6.66846684 4.67066490 0.99308485
6.62237345 4.70092415 2.58218041
6.60033547 4.70602398 4.62959430
6.59983231 4.69347046 6.67340132
6.55814234 4.73413195 8.33202895
4.67639775 4.61997298 0.94405086
4.68238222 4.59420586 2.60890193
4.63489049 4.65244869 4.63159682
4.76513056 4.57079061 6.66091157
4.63196516 4.68169271 8.42417292
2.72566049 4.53142155 0.88854319
2.71704977 4.49705230 2.60780968
2.67560775 4.54109275 4.65614422
2.79478470 4.59222284 6.68190554
2.70612922 4.50843620 8.37086858
1.09724942 4.08856879 1.07794156
1.00865990 3.89728811 2.69060569
0.97498134 3.84221639 4.61642126
1.06469254 3.96526794 6.70187399
1.10171607 3.83688995 8.39196886
8.39626528 2.95822510 0.92268800
8.37974300 3.09416375 2.67873775
8.45386944 3.29502707 4.63121273
8.32851608 3.24302147 6.57364210
8.33319973 3.34634649 8.27733543
6.65200119 2.74115054 1.00798178
6.68327739 2.75676449 2.68972844
6.75740437 2.79886086 4.59455478
6.65497012 2.78752535 6.69010753
6.54665896 2.82458128 8.36511405
4.77181085 2.57824143 0.94275587
4.69196949 2.67517998 2.69443892
4.66530759 2.62040890 4.66960506
4.81026849 2.72604525 6.60221095
4.79018687 2.78323517 8.32798989
2.86119614 2.61600330 1.01589807
2.86719052 2.50619790 2.69454025
2.86020831 2.57421781 4.61976221
3.03606267 2.56347086 6.56886643
3.06424715 2.66549063 8.25787409
1.23243144 2.36628977 0.86923142
1.23433142 2.20870917 2.56677057
1.19192996 2.15887547 4.64551898
1.35403671 2.24815978 6.67786542
1.39139611 2.28932093 8.40699012
8.36616922 1.14422864 0.94870727
8.51972680 1.22459432 2.68908221
8.56292133 1.32510655 4.61179143
8.49579954 1.25853193 6.55492330
8.37176036 1.30374740 8.37342585
6.74867253 1.00509888 0.95113117
6.73893945 1.07247477 2.66421929
6.78579548 1.07346953 4.70984232
6.80803555 1.03387840 6.65484193
6.79221038 1.13774581 8.35756252
4.71887295 0.93839892 0.94114741
4.60164384 0.94576485 2.66370381
4.80552431 0.91804985 4.68578500
4.97064560 1.07278959 6.62126053
4.99793245 1.23843129 8.46808459
2.83388993 0.98375029 1.00536160
2.66293986 0.88491362 2.59562784
2.78673570 0.98985340 4.63220941
2.95709072 0.74678220 6.65538313
3.24473095 0.83480708 8.29661552
1.10375781 0.82738860 0.87738341
1.08873287 0.75623984 2.62400696
1.10314761 0.86760311 4.69440004
1.28983144 0.82447636 6.73258235
1.42628958 0.70247063 8.38921904
