0.2059468083 0.2886500828 0.05683879743
0.1659647774 0.2464580009 1.165268973
0.06035172809 0.1619264298 2.127601651
0.06453153036 0.1411529768 3.009857659
0.1201184199 0.08387315603 4.252693904
0.02808104797 0.1559904591 5.133502559
0.08913206906 0.1074657287 6.192914321
0.03630393431 0.1154346645 7.262290363
0.1377175844 0.04225464422 8.050100928
0.1911149955 0.1909317014 9.267908143
0.2386771959 1.271727376 0.06082330134
0.232643659 1.028752009 1.247969073
0.2877227279 1.245692333 2.022720745
0.1363183223 1.043929779 3.167427361
0.01405662848 1.167098225 4.006734586
0.2544170257 1.268590921 5.149170304
0.2881334361 1.099652329 6.080622398
0.1658983874 1.044537506 7.222532872
0.03519688768 1.109842124 8.033152756
0.1483655256 1.221417727 9.277891057
0.2663989091 2.020120953 0.2940936114
0.2768730795 2.155176318 1.263187161
0.2192833741 2.062420973 2.05250393
0.05364175707 2.184573476 3.18071379
0.1832756231 2.061302557 4.011123504
0.1951102851 2.106578194 5.038404375
0.1559033143 2.041561885 6.015316771
0.1266844056 2.179490285 7.123843606
0.00645881485 2.269298271 8.17215558
0.1389944287 2.225182147 9.155720524
0.04754202067 3.09273569 0.01609730371
0.2018386515 3.250371429 1.087621073
0.2893092683 3.142213405 2.295851335
0.2343658354 3.279915398 3.288918444
0.1564874109 3.202043839 4.104131147
0.1955421365 3.233526852 5.104498018
0.1741746699 3.195254057 6.141635607
0.181891567 3.08411262 7.212240781
0.211336997 3.199609209 8.274518006
0.08900420284 3.155701312 9.088313023
0.289593347 4.220833662 0.2184558923
0.1261438025 4.168984168 1.275727276
0.1548454183 4.080332437 2.203181097
0.1611396747 4.057543494 3.164012678
0.08425575417 4.155919478 4.201333742
0.2625496254 4.1551166 5.120822162
0.0007657573307 4.037436081 6.060425335
0.02505211926 4.012293024 7.176321784
0.2993108076 4.142036147 8.224503073
0.08907322634 4.033377915 9.053319289
0.02220935789 5.171960198 0.2576360055
0.1054915371 5.259291168 1.133717944
0.01080162512 5.14518575 2.124189572
0.2812141699 5.071295964 3.063199011
0.2007468044 5.188801019 4.199172933
0.2098611787 5.07097962 5.07945519
0.1647465013 5.251772326 6.232695838
0.28506896 5.196221879 7.241559099
0.2764191983 5.149757935 8.099845749
0.2298550469 5.230105572 9.142908999
0.1087607237 6.095504071 0.2209029642
0.06052676718 6.128297267 1.274859374
0.1376435228 6.068101018 2.111568385
0.2405286208 6.025459552 3.064267939
0.2532502339 6.244687852 4.261447057
0.1687382574 6.16040472 5.131000468
0.03685566849 6.166060796 6.151074182
0.04365960219 6.275740947 7.282222344
0.03555223773 6.062914937 8.177451626
0.1062550172 6.242784204 9.296287952
0.1897634964 7.200987632 0.1228842705
0.04276366499 7.287094563 1.201404661
0.2045602168 7.153658951 2.088526743
0.09613735942 7.190985354 3.1631422
0.03152833885 7.037557829 4.161275801
0.09556431742 7.068001289 5.139369439
0.2155363199 7.040736255 6.190315983
0.1362438657 7.119230645 7.175638315
0.1142668127 7.219345443 8.159912389
0.02686934076 7.051784729 9.016304391
0.2396137426 8.277083955 0.1729232536
0.09286289554 8.157233771 1.027588266
0.2969188372 8.297366408 2.109880168
0.1816262054 8.215560577 3.04194822
0.2262660772 8.133309064 4.057086541
0.1371805327 8.102582945 5.141381248
0.2552741564 8.085649263 6.204284084
0.1887105741 8.209607914 7.042260871
0.2696915744 8.002902154 8.189537826
0.2564035438 8.130340099 9.11977688
0.2945381229 9.07951962 0.1057152774
0.01643674254 9.254614063 1.287265524
0.1542677492 9.256479005 2.157308725
0.1022272192 9.225443367 3.140074764
0.2853027716 9.023947743 4.124961131
0.05211357279 9.088759216 5.082496708
0.2433074962 9.152617255 6.283791755
0.02431755155 9.160848334 7.074877444
0.2907791052 9.194563527 8.099603168
0.09436526595 9.174615684 9.041069898
1.185484455 0.1312285269 0.2728522386
1.171724145 0.1897717748 1.224384064
1.107362837 0.1491276215 2.139104963
1.093385034 0.2527095206 3.240721946
1.115646165 0.2391090858 4.200774204
1.021569691 0.2810370406 5.2741764
1.027554812 0.07156549204 6.282789785
1.289047757 0.2939352392 7.265016281
1.133699064 0.1807355112 8.286988211
1.294475005 0.06966993203 9.206392622
1.133594246 1.217070887 0.1570234706
1.127792209 1.275642325 1.023875622
1.267736556 1.174416758 2.298004212
1.159888188 1.145425807 3.137911304
1.07771018 1.170021912 4.284722929
1.141572738 1.182097437 5.27876684
1.126562293 1.121127647 6.202775034
1.171804103 1.25113024 7.037653412
1.171150209 1.122085635 8.205567611
1.181050066 1.131794129 9.13082633
1.056507792 2.110734897 0.09840835066
1.231187769 2.28800581 1.162681652
1.142181765 2.013487772 2.051945759
1.099898621 2.02532402 3.139739951
1.023600672 2.148907341 4.174113691
1.210570264 2.240535353 5.106472437
1.165554159 2.176294142 6.084241006
1.182168538 2.110069979 7.239205071
1.272234646 2.268009674 8.136745374
1.059494166 2.257193982 9.102943778
1.265483617 3.082545572 0.001366305758
1.209477239 3.273012552 1.042375362
1.008859001 3.029986502 2.089026456
1.062878144 3.008717619 3.188189852
1.088169203 3.100300493 4.178478268
1.009048434 3.001228514 5.260993403
1.165551569 3.034026032 6.201353433
1.292008391 3.249157201 7.075042743
1.100752576 3.105449082 8.137525374
1.167109005 3.193994346 9.204031915
1.036151223 4.297568953 0.1648911166
1.106345676 4.137642283 1.105059312
1.230703715 4.142443884 2.141794422
1.029231837 4.031668802 3.263065397
1.198785589 4.2100175 4.206843246
1.292996188 4.280452577 5.078550045
1.051663053 4.013301685 6.263731867
1.117602197 4.132444659 7.280192492
1.040131591 4.254431552 8.191415762
1.167767459 4.174265986 9.114592448
1.251076434 5.150429355 0.1280602903
1.157132708 5.140312338 1.243323494
1.2279997 5.213122125 2.230290068
1.100292842 5.070715616 3.014891866
1.041517809 5.042549528 4.139410244
1.02149134 5.15382597 5.217650239
1.159209294 5.04615765 6.260022492
1.088928466 5.015991426 7.098076714
1.034993715 5.250550003 8.055572474
1.219540696 5.22307242 9.044672439
1.272322738 6.180678744 0.08266230663
1.213337246 6.008281377 1.26459832
1.072867845 6.217105798 2.09839519
1.054860264 6.069944204 3.095280666
1.162463873 6.049693887 4.033105281
1.279043954 6.201681062 5.182356474
1.006875444 6.250343287 6.041604087
1.261242464 6.131398755 7.275499177
1.293982135 6.131484615 8.206150097
1.17741626 6.032178588 9.077171564
1.267675927 7.292349802 0.1771654792
1.046503803 7.069438371 1.023994081
1.182690328 7.248703689 2.277278908
1.110046665 7.057641612 3.21548575
1.249417902 7.129901581 4.13833727
1.138837141 7.144171685 5.060607179
1.299904499 7.01323614 6.07424027
1.170194981 7.108959418 7.000792696
1.064227782 7.03420996 8.138202081
1.027467907 7.297561224 9.152550632
1.082236375 8.135805787 0.2224636709
1.210906535 8.141947287 1.248300911
1.198411075 8.22737854 2.195294525
1.142171382 8.080299746 3.017945758
1.087957209 8.27638248 4.119812649
1.006477949 8.071563417 5.215114545
1.181133343 8.212837516 6.146330543
1.212793 8.076365354 7.222158272
1.004164013 8.017314127 8.104704331
1.170689247 8.28634541 9.030289583
1.140041235 9.019722416 0.0771025661
1.045204894 9.146013263 1.044077517
1.113437843 9.092691606 2.28280453
1.283597851 9.12365662 3.004177837
1.191655263 9.21119533 4.069075552
1.281582138 9.033212504 5.151648971
1.257945419 9.17352833 6.096022725
1.051534521 9.053618175 7.020174035
1.289103739 9.159102084 8.07661228
1.09116696 9.001684554 9.11497147
2.264261316 0.07952235079 0.1390348887
2.136081343 0.04877366573 1.112598675
2.228533085 0.1458872579 2.258866929
2.035262192 0.1137771414 3.261693473
2.19016217 0.06368607817 4.208832175
2.034835023 0.1374229794 5.129251678
2.014493624 0.008769916371 6.158367131
2.246077054 0.1861953664 7.19795765
2.276426081 0.1056221713 8.131869467
2.180044872 0.287826225 9.243524024
2.192454416 1.285359311 0.2294419863
2.114925471 1.166549243 1.212989741
2.017331196 1.135844826 2.000874437
2.148590823 1.261094656 3.263470832
2.149929668 1.044855393 4.061125474
2.081413634 1.106753048 5.205988492
2.107904906 1.1372136 6.196266731
2.205299731 1.051664539 7.299890484
2.090164298 1.119653225 8.056087139
2.287372088 1.07181176 9.02508094
2.222286855 2.280047234 0.1403576829
2.221970303 2.013755087 1.237537825
2.029819256 2.048426592 2.256665617
2.082451344 2.274667789 3.152531387
2.116924564 2.025757669 4.166582751
2.220536673 2.158328755 5.08697142
2.02989612 2.009572615 6.073467607
2.230015317 2.075760717 7.148425607
2.189110888 2.1007423 8.283216386
2.221602464 2.025572763 9.209130821
2.210002398 3.251956346 0.1310982959
2.003234586 3.007485481 1.180807601
2.023124821 3.13058401 2.059210581
2.150111339 3.272579529 3.010812777
2.212536821 3.284153014 4.172535042
2.196330857 3.124056733 5.123528856
2.033788139 3.225211049 6.047063601
2.071247034 3.207443882 7.165642736
2.058567708 3.228212461 8.017004711
2.26018429 3.242804794 9.124644728
2.28292347 4.169577104 0.2215665348
2.210171875 4.206659228 1.293024846
2.25361034 4.00267407 2.235382821
2.255880191 4.044416765 3.292935114
2.103985431 4.050226427 4.209049265
2.199034678 4.007977906 5.221072109
2.094423918 4.056511212 6.26200108
2.046537632 4.119496293 7.025369407
2.064202289 4.241754614 8.077847132
2.087890751 4.020030899 9.01700641
2.223056731 5.040113995 0.270226079
2.088563236 5.114107183 1.055144294
2.020173258 5.234886499 2.252866761
2.105576046 5.177175302 3.108521338
2.278842806 5.044235734 4.26454579
2.231736828 5.292327806 5.207652937
2.294436164 5.07656678 6.097929863
2.170607871 5.260474424 7.263232387
2.12752472 5.030855627 8.277248144
2.038394452 5.176934404 9.121902
2.115825903 6.059215658 0.1158538394
2.270368134 6.107362839 1.138567227
2.264769643 6.069734836 2.151937262
2.15716195 6.269715398 3.266502226
2.08334115 6.029966835 4.282670152
2.003989986 6.274311108 5.250764855
2.178491224 6.032029303 6.011912499
2.128875443 6.099037706 7.101981624
2.041308922 6.193569382 8.190217885
2.277553151 6.276391786 9.251752255
2.011510985 7.100945238 0.2796184843
2.151086748 7.028319184 1.170530742
2.119237669 7.046858339 2.186163434
2.191238913 7.117970371 3.072232911
2.261553706 7.268394822 4.098638228
2.294144913 7.128989304 5.169386276
2.111892708 7.096604167 6.294289288
2.205017218 7.298058895 7.049261093
2.111515044 7.039891335 8.201608969
2.111713026 7.232471296 9.250288857
2.048098097 8.172926853 0.1207728948
2.155964094 8.179469298 1.026235293
2.223472617 8.112006661 2.277209628
2.18699968 8.034122206 3.114148616
2.257218646 8.199127195 4.116946785
2.220430615 8.273375402 5.210665817
2.072806914 8.297157544 6.209030219
2.075681929 8.014465433 7.193921258
2.226141346 8.179323215 8.092471523
2.081862089 8.117606365 9.029785546
2.239266389 9.151369161 0.02904580332
2.288219727 9.018787952 1.042507022
2.125214263 9.22665002 2.229178607
2.269302388 9.129916514 3.007618995
2.129240085 9.066686241 4.222216765
2.159474966 9.1894843 5.230470353
2.228413645 9.184347012 6.124431918
2.259043498 9.249900158 7.097083159
2.004989166 9.256936425 8.141713253
2.169736922 9.183554008 9.258623702
3.296794995 0.04613240901 0.2584834503
3.104802438 0.2712499656 1.161679168
3.044925849 0.1323977109 2.162467237
3.252987356 0.02542394125 3.17284235
3.292980954 0.02355161034 4.024474044
3.271405502 0.007956598323 5.194545257
3.102531592 0.171406644 6.040891099
3.186893703 0.08150282912 7.179747566
3.109274157 0.178753439 8.047322551
3.160854245 0.2502956972 9.065667017
3.202379547 1.143401749 0.03514961655
3.04503877 1.075371793 1.029465953
3.176532192 1.181752374 2.067988595
3.135611204 1.189686365 3.132402893
3.017540808 1.160807914 4.205894942
3.144739985 1.196853779 5.261079867
3.065821209 1.191440626 6.20821229
3.294722193 1.23548092 7.01724052
3.082159506 1.132157704 8.188770439
3.074433626 1.136152169 9.263219772
3.28789052 2.049098225 0.146164816
3.24679452 2.163618409 1.078589901
3.062233984 2.074468189 2.280183117
3.07427633 2.205113893 3.250298885
3.112321489 2.057981944 4.285306898
3.296779392 2.27177701 5.119685027
3.037290991 2.065051652 6.142940144
3.22347845 2.093121172 7.027006434
3.139547401 2.229609306 8.123621581
3.052698061 2.270042318 9.10062945
3.16142957 3.01256195 0.07642163699
3.12073904 3.292036202 1.093316447
3.038270498 3.0871683 2.290741612
3.265388414 3.111923571 3.224690902
3.083689856 3.074987795 4.287288308
3.032821036 3.221697614 5.085236529
3.063946802 3.260264119 6.121305607
3.178671283 3.248850854 7.161018151
3.279534061 3.132748332 8.29321826
3.089952477 3.03835791 9.182080555
3.131271501 4.163237305 0.05945799253
3.24880087 4.018442073 1.226684132
3.194992184 4.000968492 2.271192189
3.075776179 4.125074825 3.099914208
3.207743249 4.224500895 4.268160208
3.167068349 4.033600601 5.269681388
3.201491654 4.045202264 6.204307141
3.039597036 4.079538413 7.289868411
3.00133844 4.27104335 8.133296773
3.184191126 4.108299838 9.152932952
3.030474618 5.217007354 0.1569800364
3.179275441 5.029601949 1.078061737
3.276893193 5.219075532 2.175890464
3.136907897 5.162636191 3.110137445
3.209662387 5.113144807 4.17427343
3.161935253 5.033488491 5.124328629
3.006415786 5.259909112 6.155982558
3.088490055 5.135618016 7.25426962
3.017223851 5.029399808 8.232964894
3.021816691 5.237286222 9.142659733
3.114294547 6.066899136 0.09312700087
3.15168238 6.024336155 1.19456504
3.135161544 6.185395044 2.219772096
3.036306209 6.297759082 3.228459195
3.277696991 6.217015158 4.160887335
3.160325795 6.190085122 5.192888252
3.15073607 6.287029105 6.144252557
3.269368864 6.001267565 7.028482518
3.142207418 6.193465411 8.209999633
3.099091994 6.124576671 9.091213561
3.187961963 7.139813505 0.06829243369
3.096997342 7.284817187 1.051816049
3.110964837 7.060293808 2.23869719
3.271468398 7.031665274 3.247006792
3.1809544 7.021422445 4.201615685
3.177110789 7.021077712 5.034536775
3.014030708 7.109278453 6.102218193
3.296837414 7.286868187 7.11403603
3.24687367 7.129700075 8.197908495
3.243804044 7.14112802 9.204406078
3.235454343 8.045200768 0.1931860114
3.224296313 8.277740084 1.178124983
3.178294711 8.098808568 2.09648957
3.017445034 8.095694301 3.060010856
3.065604366 8.040903618 4.174704743
3.158908259 8.144876356 5.197493206
3.122861716 8.200699695 6.292524523
3.205506194 8.276566153 7.192954965
3.047821899 8.129144049 8.209042826
3.05360113 8.039403505 9.229823006
3.258245723 9.200101286 0.1426247082
3.047916432 9.290175751 1.012637534
3.011206437 9.226415509 2.174931378
3.133577357 9.142400963 3.28370552
3.048409078 9.257642102 4.294662031
3.224705128 9.084258823 5.183213266
3.099413357 9.047582831 6.298564902
3.12509996 9.125599002 7.184543002
3.01658153 9.045122029 8.055174014
3.088405327 9.2630093 9.237195264
4.164975744 0.0474226031 0.2348890314
4.19596546 0.2118659162 1.288249714
4.032582964 0.1039134054 2.173424791
4.281052371 0.02054411764 3.083307269
4.045021673 0.03029294918 4.243332812
4.292090926 0.01261151861 5.189854707
4.030885981 0.1280756551 6.095245697
4.170825762 0.07406000981 7.151838425
4.15743616 0.0938518454 8.177271116
4.104523135 0.2058189493 9.249517832
4.178636796 1.176288501 0.2033511029
4.032651671 1.10525752 1.262986187
4.158755053 1.033894226 2.099973475
4.069662551 1.182515942 3.199087919
4.29645383 1.242553734 4.190513569
4.243836791 1.232188758 5.235859596
4.196844534 1.212288894 6.203543334
4.023870472 1.174816543 7.139302393
4.031603479 1.188977723 8.06785401
4.298631199 1.197093436 9.068481693
4.014106778 2.277014308 0.1815078154
4.013674667 2.284322009 1.130685853
4.22502424 2.060908526 2.238993745
4.156982841 2.194723588 3.184990618
4.174848454 2.144986526 4.257890075
4.070288195 2.252379514 5.216550948
4.081760691 2.135131338 6.286945933
4.289903565 2.264963554 7.112953359
4.066865215 2.284917296 8.135557101
4.034424653 2.004688771 9.140714616
4.042473357 3.175896069 0.02796617249
4.003651262 3.180464693 1.155341289
4.283676849 3.22064097 2.05762012
4.124543531 3.080161235 3.234807882
4.205947938 3.15276467 4.110026232
4.013465465 3.208856213 5.033758866
4.264291818 3.172374963 6.026946493
4.011074591 3.254298639 7.250379139
4.045921647 3.234624819 8.018745847
4.092530345 3.153642136 9.22666506
4.165476186 4.250494648 0.292745068
4.075352391 4.001441425 1.294487927
4.237040985 4.100955376 2.05758514
4.226177441 4.13159837 3.209343785
4.292744257 4.28874974 4.000262787
4.18714379 4.113431534 5.200258904
4.054882956 4.193894482 6.217956636
4.023648556 4.281383049 7.124242163
4.21577938 4.062976497 8.134022814
4.193968748 4.250326634 9.143033662
4.043859566 5.131341259 0.04043974562
4.265002579 5.075399956 1.049070889
4.168707905 5.061449524 2.188433448
4.175814196 5.11223878 3.204611098
4.005476813 5.12588367 4.046859599
4.044102814 5.20826705 5.114161483
4.216234616 5.012075355 6.088507082
4.175124817 5.285188762 7.134211502
4.295692169 5.064500185 8.041705774
4.103565346 5.156745758 9.039232655
4.227502943 6.018073877 0.2626362924
4.036099385 6.221645654 1.000999265
4.082488667 6.212041928 2.29307626
4.088865725 6.199088257 3.106627672
4.040728238 6.088557395 4.23609995
4.019570095 6.114150477 5.221360541
4.117154791 6.102095852 6.214798361
4.212841738 6.232777251 7.286774098
4.22766124 6.016601343 8.050821025
4.058574596 6.044533689 9.150333373
4.168040146 7.060241843 0.1555854438
4.045840526 7.064306348 1.059719753
4.274622937 7.138767942 2.000133893
4.055913695 7.026261405 3.280383117
4.059810011 7.095085396 4.129807868
4.011089222 7.000537701 5.262325001
4.143425665 7.254217878 6.002663955
4.118777603 7.130560816 7.147829745
4.015104433 7.191784049 8.190314429
4.275364481 7.0963837 9.130409085
4.247197675 8.102790427 0.1146110815
4.158211752 8.241033265 1.183944586
4.092813499 8.265498034 2.208374128
4.164966881 8.281515153 3.148879661
4.229520162 8.291705313 4.082594311
4.287279862 8.054356923 5.101304489
4.184771041 8.004734929 6.200781785
4.101562028 8.180009415 7.006904879
4.057498661 8.285443808 8.104836878
4.268518789 8.192283103 9.13058619
4.224840428 9.265611898 0.04912131049
4.171115378 9.289470827 1.065938379
4.169039621 9.1549538 2.250812473
4.106113317 9.156503725 3.004792916
4.17889324 9.258339447 4.053901528
4.027363185 9.200548589 5.133424327
4.162354081 9.216235106 6.139447605
4.210802114 9.020636786 7.010237895
4.296831613 9.031766866 8.160969522
4.115791286 9.133385921 9.277859075
5.193222665 0.2503457931 0.1813480605
5.038838891 0.2230981401 1.175740668
5.266114669 0.2035648164 2.248590211
5.233379251 0.04962959684 3.110321483
5.285361494 0.006563632642 4.098523893
5.238270587 0.1200267986 5.197530501
5.204798413 0.1455504863 6.110226336
5.280305518 0.0476835764 7.212458814
5.178641925 0.2446679472 8.186524999
5.235896353 0.08899785774 9.197648857
5.070427744 1.085863741 0.06170725476
5.07167565 1.1912578 1.265400283
5.24030213 1.215794134 2.26655886
5.123402165 1.175302651 3.106320131
5.089635517 1.028125954 4.188717845
5.243825569 1.025673822 5.126223516
5.175261616 1.077788867 6.294253174
5.03225875 1.13509121 7.011997318
5.286464207 1.271301258 8.006112018
5.087408939 1.194572215 9.210052768
5.286987085 2.114475985 0.2094418214
5.104805323 2.190037715 1.057473238
5.226595114 2.267902144 2.095480218
5.163312095 2.12306736 3.166524577
5.016087276 2.054447948 4.150222038
5.211201895 2.248710402 5.152369663
5.169527108 2.232898554 6.299319974
5.213637354 2.091871759 7.275139624
5.017937448 2.017595854 8.112469638
5.044355194 2.101711673 9.052472971
5.137152986 3.050199727 0.2261530697
5.084798086 3.072585617 1.267877079
5.082524292 3.211589074 2.04251571
5.22547278 3.225234218 3.210858021
5.142406583 3.247571349 4.293369919
5.155581569 3.002587176 5.20013048
5.163255754 3.228874914 6.286740547
5.23946806 3.007170737 7.281866363
5.296791111 3.037573041 8.075850252
5.025647583 3.158944116 9.276180408
5.168117667 4.154826178 0.1524087546
5.234003035 4.186766355 1.261814059
5.017575638 4.059022927 2.265852082
5.030197378 4.207408155 3.148998556
5.021634832 4.042614119 4.077616666
5.058921565 4.291645622 5.113588661
5.017061271 4.221815448 6.123412268
5.094496986 4.196864838 7.105356634
5.141613447 4.261849458 8.202531418
5.043215344 4.188223574 9.204855883
5.26116514 5.065189454 0.214523622
5.24499296 5.032643539 1.022319825
5.166236992 5.285043896 2.289841489
5.249408357 5.099370323 3.262830969
5.202638841 5.150836482 4.05960418
5.136495976 5.24255098 5.073148441
5.134504625 5.05873628 6.132627999
5.039359255 5.295403829 7.192966155
5.245031972 5.010899907 8.186631523
5.295937552 5.272344617 9.196209667
5.288449676 6.207798454 0.226699532
5.048678501 6.298440201 1.161213275
5.077616848 6.132022244 2.267692873
5.022881031 6.071338735 3.166034403
5.034337042 6.273322228 4.124046452
5.135670263 6.043033074 5.069264092
5.082833379 6.191973137 6.107632793
5.291195521 6.105299089 7.10937895
5.23132817 6.053738529 8.085696467
5.2348054 6.177592779 9.1610962
5.298532176 7.018032607 0.09709998861
5.003998053 7.195115829 1.032794411
5.096565347 7.18581304 2.121026719
5.276355214 7.132707353 3.263017212
5.25444905 7.035504797 4.052643279
5.096498632 7.114269648 5.279397364
5.065117561 7.245264396 6.121324573
5.113252833 7.14209393 7.14934276
5.122960772 7.060476464 8.278981584
5.253453267 7.035238946 9.058307514
5.05619294 8.10445765 0.1319228889
5.140201926 8.035305063 1.063124845
5.207725839 8.20419839 2.292310347
5.121732767 8.082375961 3.285798511
5.268865582 8.196718879 4.193551015
5.004327804 8.233706182 5.280918609
5.194594733 8.227732289 6.008432963
5.123034006 8.066436994 7.003296381
5.081460525 8.176807242 8.15227014
5.099229858 8.147449598 9.147499383
5.018311533 9.017365875 0.285880018
5.020261687 9.141976696 1.11348689
5.136653268 9.027461792 2.248371829
5.056664743 9.297548349 3.0546171
5.178721318 9.140500471 4.059745906
5.115813932 9.214348303 5.159704435
5.034434384 9.114588339 6.24252977
5.175423025 9.184066483 7.299293049
5.157033048 9.092857816 8.266712108
5.098584485 9.273470153 9.171164651
6.165364348 0.1924591357 0.267112131
6.263305199 0.003304066041 1.06105487
6.039828807 0.2285216982 2.043062103
6.158625278 0.1899745146 3.011169192
6.280808637 0.1302809278 4.096398924
6.23110245 0.04143966347 5.163012823
6.291253137 0.1887073933 6.039997709
6.172803074 0.1176262893 7.008099033
6.150806545 0.09299183371 8.148865487
6.26490244 0.06920067302 9.174899652
6.292820264 1.259844655 0.2431957417
6.228179863 1.125166917 1.285120761
6.045043837 1.281596782 2.068308169
6.268933906 1.217833677 3.015265061
6.238089509 1.269809108 4.154308426
6.114674415 1.171507884 5.27018024
6.281020004 1.190003626 6.002840757
6.056497034 1.242305587 7.134036714
6.050842189 1.118219777 8.223311989
6.004069833 1.159496664 9.274853737
6.25885879 2.266240073 0.2268697594
6.013569318 2.228765967 1.008382061
6.263068246 2.202243175 2.242072184
6.282362518 2.274564014 3.127176942
6.160995479 2.09576265 4.128702308
6.213972512 2.162674171 5.215216956
6.157150593 2.155210657 6.048664062
6.141828493 2.040837102 7.274510228
6.052270294 2.2591408 8.066429247
6.296367404 2.288254709 9.030939233
6.176373305 3.023984898 0.01500252639
6.298872024 3.049131351 1.23048665
6.004293138 3.298927757 2.106292995
6.137853267 3.193601086 3.159693141
6.297925374 3.24168596 4.244660027
6.153530715 3.173850077 5.131955304
6.080784901 3.082379375 6.248099002
6.044463491 3.040955364 7.145540847
6.220143358 3.255739834 8.179442878
6.130541531 3.125113897 9.154894591
6.074575177 4.203210392 0.2461739074
6.1455225 4.149383606 1.285301295
6.098117916 4.269570127 2.066002322
6.110217677 4.131062663 3.133431559
6.042682922 4.094915084 4.153439146
6.060205304 4.007822919 5.177384419
6.229236809 4.200850435 6.223368983
6.20736367 4.145101774 7.072597725
6.178430004 4.284313684 8.009747989
6.182996904 4.040880259 9.266095693
6.131539358 5.201517266 0.1343054704
6.199219641 5.066758357 1.200961624
6.294032171 5.23057629 2.040191394
6.052227165 5.221547781 3.243288807
6.29309859 5.049139058 4.178573509
6.047971758 5.065304009 5.047381683
6.225323679 5.288644876 6.236056121
6.070529536 5.228396575 7.048674308
6.067251397 5.202747854 8.233050883
6.048426954 5.1798886 9.134817631
6.115604648 6.039052198 0.2258413554
6.221307064 6.11658924 1.297800604
6.105401056 6.245576224 2.193302602
6.017912681 6.013426088 3.004942932
6.049146324 6.27868901 4.007786244
6.070195186 6.232404186 5.176124063
6.120843508 6.122119462 6.159781759
6.155841333 6.140714231 7.212838694
6.144815828 6.25340883 8.062649789
6.173147701 6.271582726 9.154813366
6.126195593 7.267057309 0.2981612879
6.223442933 7.211768184 1.032225823
6.078416572 7.140875322 2.123692842
6.089860113 7.264591879 3.056330707
6.045278562 7.272586255 4.077872215
6.281566294 7.181259953 5.022881563
6.092434232 7.085553531 6.126042509
6.233115481 7.207096846 7.259576737
6.206811919 7.151568925 8.057305555
6.156180391 7.249083801 9.287520261
6.000939719 8.086248981 0.1255250223
6.10332445 8.206829515 1.251554987
6.047307889 8.011051892 2.231395952
6.062040822 8.139945837 3.232386357
6.011975193 8.037866587 4.160158977
6.249617331 8.013896192 5.285231113
6.052514296 8.289764888 6.197133436
6.219592853 8.243657736 7.253936876
6.012085427 8.036027028 8.123340042
6.207390339 8.140432711 9.08555309
6.277827412 9.164218035 0.2479550185
6.103693746 9.26468728 1.168053586
6.149125628 9.027687978 2.154154626
6.144542628 9.236359346 3.10577794
6.162265265 9.295401428 4.025016711
6.171303094 9.173698414 5.14267173
6.010397928 9.259769764 6.141114407
6.114266562 9.161618306 7.048290829
6.181672904 9.226726169 8.236733431
6.19514974 9.037672281 9.146408063
7.245147436 0.1254914259 0.1178848788
7.096888579 0.2001963279 1.211771252
7.196677557 0.1109648647 2.107437691
7.159936906 0.009418301515 3.233957814
7.075902969 0.142616731 4.210216501
7.169450211 0.2027875235 5.198234421
7.162521018 0.04270744193 6.029225939
7.054187985 0.1319285846 7.063220609
7.13740271 0.03914119053 8.082154239
7.055951844 0.264928419 9.051463333
7.073425099 1.019960345 0.2510744622
7.139628183 1.235434326 1.095630861
7.104254503 1.243356004 2.267468099
7.042383553 1.003781021 3.025284828
7.10309287 1.046341835 4.274060543
7.054039852 1.205406519 5.025764628
7.189367886 1.241611589 6.221984994
7.228082063 1.040209658 7.21790487
7.19104385 1.13542698 8.216453444
7.215433208 1.071020876 9.046017254
7.145868352 2.12907492 0.1103204791
7.065258312 2.158587791 1.18168084
7.082428712 2.294188263 2.210724612
7.257891047 2.112920027 3.25564471
7.062541691 2.009980697 4.180353667
7.230362953 2.021518124 5.283074468
7.279562909 2.173247994 6.23664226
7.093028797 2.044798704 7.11144089
7.097489753 2.251316871 8.202432388
7.172921408 2.227575158 9.05703163
7.28174504 3.156882786 0.2719068095
7.020849736 3.011933173 1.114871339
7.165881865 3.282666007 2.139749983
7.06362569 3.147709774 3.128061219
7.066703188 3.27386623 4.176616026
7.039102364 3.203327007 5.121183416
7.264689786 3.169709181 6.099994219
7.271272931 3.040363634 7.214889816
7.197938107 3.1135028 8.110618693
7.034017797 3.137592954 9.062022445
7.133850073 4.130277751 0.1184525293
7.243974219 4.050554094 1.07858382
7.007332637 4.17732602 2.088491061
7.295979694 4.209044968 3.079109058
7.149534038 4.086943371 4.077851562
7.243417656 4.186311293 5.280934002
7.161005321 4.20634118 6.017619832
7.040813701 4.205125481 7.210403603
7.181336463 4.06177545 8.150414113
7.066439428 4.077723601 9.169353811
7.083909152 5.246250658 0.07039867672
7.000017777 5.261809381 1.062224996
7.187654732 5.273071817 2.28458686
7.250117915 5.135842297 3.162641441
7.031150206 5.08661327 4.181185125
7.122368043 5.056820374 5.128778886
7.021559937 5.083723481 6.142486871
7.069379636 5.089269427 7.128609082
7.207324765 5.242538997 8.220019651
7.167663965 5.012287737 9.003546781
7.217610575 6.043557914 0.2821559464
7.197725199 6.097554074 1.076489465
7.150311891 6.240873238 2.22899679
7.14607555 6.033724017 3.244026267
7.131488908 6.180728507 4.117651922
7.036304504 6.259827549 5.137020928
7.206497184 6.133410251 6.034935804
7.125529548 6.11233209 7.192928995
7.06442158 6.208077048 8.185512647
7.259924661 6.119621402 9.010055599
7.163103853 7.255301772 0.2849783936
7.216585928 7.071010454 1.14925345
7.210058633 7.079254776 2.172080157
7.100392614 7.280402178 3.07151586
7.260153319 7.218584925 4.264214272
7.106189992 7.275282893 5.130867501
7.094310944 7.006403981 6.026853118
7.175785766 7.167620075 7.179432457
7.126972783 7.263025337 8.233687719
7.296717317 7.278464508 9.052412904
7.010192647 8.02917993 0.2488854864
7.115463541 8.153683923 1.158614327
7.176329064 8.222115969 2.174824519
7.128980863 8.163444098 3.095435031
7.270132517 8.261157824 4.247211762
7.290039414 8.242255031 5.199902376
7.176198051 8.17960173 6.083067498
7.195256248 8.298372686 7.273115305
7.165598944 8.086700749 8.157871412
7.064729414 8.276947364 9.256171724
7.073591937 9.272972333 0.07401509133
7.203078344 9.269547612 1.000043662
7.074063899 9.218823283 2.191965567
7.230439026 9.277628942 3.190395626
7.259469603 9.171860458 4.090228116
7.15391284 9.041018276 5.224208519
7.251300478 9.146783282 6.068640506
7.135234944 9.017212423 7.004497569
7.016891412 9.015501068 8.10111328
7.112950902 9.113256388 9.066589567
8.063130644 0.1429996854 0.01428260326
8.083536019 0.253123142 1.093317799
8.084283907 0.2723086434 2.077676858
8.102429153 0.2797403418 3.12366217
8.052966552 0.2638653476 4.098175922
8.299865688 0.08733702493 5.293489348
8.004626366 0.2377070212 6.010242133
8.093702213 0.1071968797 7.05118764
8.142801228 0.006707344401 8.163673337
8.057512634 0.1106701076 9.038391348
8.164755564 1.047262543 0.1661517686
8.252023057 1.294965274 1.061416341
8.248640104 1.195388679 2.041012444
8.112539657 1.210753709 3.264179488
8.258540859 1.200536274 4.076246361
8.020325955 1.109220441 5.208003378
8.206916703 1.059666495 6.275910618
8.06036479 1.079992745 7.165276895
8.251029943 1.152486283 8.016974326
8.235293989 1.196131881 9.131171297
8.077032387 2.161722246 0.03313363232
8.139108392 2.026711652 1.210609651
8.169349928 2.219784735 2.112799632
8.171915716 2.04897173 3.2138188
8.091399989 2.220943595 4.096643341
8.258449043 2.192030896 5.197684826
8.190983577 2.141121832 6.118127831
8.096521417 2.214512689 7.229445545
8.188008043 2.196545994 8.158056736
8.253365239 2.182389247 9.255769697
8.282916231 3.19443139 0.2226121165
8.29589593 3.160241462 1.099622721
8.240297909 3.149749073 2.232120936
8.295514993 3.130420988 3.206308715
8.114743079 3.098191999 4.038814185
8.018224734 3.248565972 5.140264545
8.148660292 3.176768269 6.023269823
8.007095369 3.032891631 7.101662532
8.057988823 3.274182603 8.232331939
8.29515123 3.290318085 9.229782107
8.28867424 4.159126758 0.00418266333
8.184455011 4.195173687 1.042628046
8.057352798 4.07488766 2.181454045
8.289074017 4.117847915 3.167618319
8.184357602 4.101952749 4.165907249
8.095247034 4.23704357 5.111877017
8.080158481 4.014868783 6.282689184
8.116098169 4.1864016 7.050421055
8.198820301 4.095603879 8.274707573
8.206696333 4.04990627 9.092652219
8.181282428 5.124642494 0.1929516332
8.0673111 5.227106287 1.066790569
8.149866584 5.21153763 2.048953337
8.046713208 5.208627245 3.24507963
8.286292793 5.119204454 4.259004969
8.194225286 5.229624121 5.157047797
8.121042736 5.096424188 6.292076562
8.083168399 5.241392772 7.128458155
8.074059306 5.210875409 8.025125925
8.250856137 5.144372435 9.299436051
8.243816923 6.047267366 0.09808714557
8.233724265 6.135247377 1.160670984
8.199342081 6.078231765 2.204024288
8.294295972 6.17820297 3.136812833
8.170294698 6.022379528 4.093576261
8.271150249 6.048689628 5.245968144
8.030904332 6.072826627 6.27944856
8.251262225 6.051021711 7.187383138
8.253122259 6.08770451 8.262916505
8.117976229 6.294842958 9.175718967
8.293532211 7.056540783 0.05871907477
8.292224036 7.058156928 1.03583514
8.091381914 7.02928548 2.292836874
8.165313178 7.105967646 3.094822822
8.263487558 7.248212293 4.006027014
8.222130127 7.134565928 5.117353181
8.190980747 7.031532095 6.247475631
8.141049464 7.175127646 7.149628853
8.188816616 7.249153759 8.123794537
8.025415569 7.237489554 9.268698555
8.105030896 8.284305526 0.2081380409
8.229835526 8.279665046 1.061710942
8.215825891 8.22057594 2.03574249
8.144114991 8.031063426 3.089887739
8.234993007 8.048724534 4.108743802
8.073727286 8.07045533 5.177095461
8.117787341 8.001497838 6.179711626
8.273447011 8.297530406 7.006948406
8.203909837 8.166229494 8.045590267
8.171402378 8.087301419 9.1873599
8.1349716 9.209293557 0.2477758438
8.006711569 9.280101592 1.176920968
8.220045486 9.173327975 2.205474769
8.249358627 9.116794308 3.185392992
8.294867125 9.025184409 4.277522176
8.256534627 9.002148522 5.185358183
8.102052176 9.193564716 6.224201236
8.253881306 9.028464943 7.282971432
8.232713464 9.067365772 8.157988432
8.234131556 9.059997934 9.166910534
9.141967619 0.1905137787 0.209935742
9.201125379 0.03162292453 1.139890309
9.255728447 0.1730183725 2.069644374
9.1477596 0.001425966833 3.196166351
9.187420042 0.0449330414 4.024250827
9.047028151 0.005334467711 5.238740818
9.106452282 0.1284548292 6.259158011
9.179223622 0.07036827661 7.225689801
9.032465474 0.191766683 8.043894469
9.141583386 0.02149763625 9.225582573
9.132320872 1.043201515 0.1267223983
9.241848316 1.094723433 1.019695648
9.191811286 1.064023291 2.171106872
9.09009129 1.011291819 3.055534825
9.263662475 1.270718537 4.03430973
9.177406046 1.263545385 5.065110935
9.064121557 1.034461616 6.13760538
9.068898832 1.077041572 7.139168687
9.024314849 1.04633423 8.201486699
9.014370444 1.203814321 9.077210219
9.259015264 2.033891845 0.1899355546
9.214969735 2.164931803 1.085370883
9.24781327 2.099186478 2.282291154
9.293884212 2.231707712 3.279630517
9.143280257 2.166640198 4.102570838
9.007110253 2.296798483 5.292997384
9.16917786 2.091452858 6.202612663
9.060000941 2.036093483 7.20777497
9.13646992 2.176595208 8.232916532
9.043828578 2.141058324 9.149828611
9.247027564 3.189869925 0.05377261782
9.071916795 3.077671776 1.10401292
9.126493751 3.084804685 2.182259268
9.102884037 3.052202836 3.030360478
9.17563263 3.076106852 4.223748418
9.030042458 3.271672372 5.06862844
9.098801192 3.178983355 6.149563687
9.138775012 3.142706918 7.135624425
9.247131637 3.25233627 8.170049294
9.28454129 3.214779299 9.210431526
9.143837195 4.27065521 0.2574150543
9.018756886 4.135330882 1.166752852
9.150779111 4.156512359 2.216380454
9.143776913 4.194435656 3.009941682
9.280738917 4.096077807 4.090154294
9.037888651 4.084788522 5.227900088
9.069872467 4.283847868 6.114753116
9.259427785 4.138968116 7.291951212
9.164362655 4.130488387 8.117237589
9.283360909 4.188104763 9.276777959
9.041809611 5.03482443 0.162873305
9.19770893 5.241079753 1.280902677
9.114400186 5.194300363 2.183516723
9.178732396 5.042816951 3.133282041
9.22517167 5.101058703 4.105433146
9.070452136 5.12966116 5.138235354
9.149701661 5.252632882 6.123489877
9.230256036 5.12798061 7.192733984
9.122134282 5.228967818 8.017705164
9.073700868 5.286620387 9.193719298
9.004765869 6.167955469 0.1319295972
9.235881613 6.154201803 1.174815812
9.238133948 6.097628164 2.270080629
9.134525423 6.254781302 3.276459338
9.074408255 6.279353751 4.02296729
9.01112509 6.164304955 5.269935101
9.118584972 6.261082841 6.180929815
9.024995472 6.131000207 7.039916638
9.114680917 6.113345391 8.129977385
9.060666389 6.288002694 9.084448525
9.018971515 7.062711396 0.1844225925
9.138532327 7.05798363 1.155749625
9.274781689 7.185308655 2.028858162
9.279828388 7.246586491 3.1897373
9.237230381 7.037753454 4.153005413
9.29825257 7.083944387 5.286687056
9.271179201 7.106627487 6.196139176
9.244868668 7.242167823 7.160962739
9.164721928 7.077382065 8.01992152
9.202126539 7.046381602 9.177743928
9.025185543 8.224891484 0.2575826088
9.186921348 8.214430578 1.103959687
9.041245008 8.14821837 2.01632727
9.145716358 8.002666503 3.126250634
9.225453978 8.2054036 4.04016854
9.010149299 8.245636747 5.20295051
9.093745356 8.195534474 6.029236364
9.145393062 8.139821382 7.183933877
9.280592638 8.006951561 8.046025526
9.214400014 8.04819671 9.256092959
9.102758983 9.268593984 0.007004067439
9.018276678 9.095517833 1.009637369
9.158745828 9.017559916 2.272269204
9.277510524 9.126588987 3.239366958
9.27582586 9.201421625 4.066316446
9.137752252 9.25813207 5.28881021
9.299902282 9.053514256 6.129625879
9.141546432 9.145250694 7.127282753
9.277300022 9.205556779 8.134245129
9.036460166 9.109088198 9.092254833
