-0.737415 -0.619371 0
-0.800697 -0.562795 0
-0.700536 -0.667604 0
-0.820923 -0.584837 0
-0.659358 -0.735209 0
-0.83823 -0.521298 0
-0.85822 -0.512881 0
-0.583779 -0.756616 0
-0.564786 -0.775363 0
-0.566892 -0.781733 0
-0.656912 -0.498445 0
-0.870588 -0.399932 0
-0.701509 -0.436357 0
-0.578696 -0.601047 0
-0.846869 -0.330696 0
-0.442949 -0.772812 0
-0.551979 -0.646066 0
-0.414267 -0.788946 0
-0.698116 -0.380493 0
-0.497791 -0.650534 0
-0.863806 -0.262575 0
-0.696452 -0.332189 0
-0.809638 -0.209879 0
-0.697854 -0.326519 0
-0.818444 -0.248621 0
-0.307757 -0.808769 0
-0.319559 -0.655625 0
-0.710679 -0.143883 0
-0.152442 -0.847823 0
-0.471097 -0.18972 0
-0.0778424 -0.841909 0
-0.104554 -0.799782 0
-0.0858641 -0.697995 0
-0.344462 -0.179552 0
-0.332938 -0.19287 0
-0.327029 -0.215586 0
0.0156148 -0.839095 0
-0.44242 -0.047916 0
-0.254909 -0.160899 0
-0.0236615 -0.672078 0
0.0486317 -0.844892 0
-0.243886 -0.207528 0
0.0511081 -0.675603 0
-0.345298 -0.0352643 0
-0.370727 -0.054709 0
0.0657608 -0.661254 0
-0.304685 -0.0302968 0
-0.305181 -0.0196833 0
-0.847582 0.300569 0
0.122901 -0.787656 0
-0.898215 0.331228 0
-0.197424 -0.00735753 0
-0.13861 -0.0216953 0
0.282191 -0.75165 0
-0.703172 0.363297 0
0.216416 -0.58324 0
0.301516 -0.720352 0
-0.0970256 0.0216866 0
0.0505049 -0.14526 0
0.0629335 -0.14833 0
-0.658575 0.449544 0
0.323481 -0.702552 0
-0.807282 0.498592 0
-0.626009 0.428254 0
0.328048 -0.539798 0
0.367491 -0.525684 0
-0.768581 0.537583 0
0.0542981 0.011562 0
0.395014 -0.662952 0
-0.681139 0.581783 0
0.395974 -0.44932 0
0.26958 -0.0820027 0
-0.669795 0.65773 0
0.481592 -0.430165 0
0.514203 -0.601791 0
-0.408761 0.554497 0
-0.555439 0.639311 0
0.321409 -0.0688707 0
0.533192 -0.537307 0
0.332717 -0.00532513 0
-0.502785 0.708697 0
0.384295 0.00165231 0
0.441389 -0.0152053 0
-0.166012 0.616064 0
0.328207 0.173518 0
0.455888 0.0497861 0
-0.335049 0.722472 0
-0.14304 0.609167 0
0.384548 0.196163 0
-0.306459 0.751141 0
-0.0920604 0.643785 0
-0.0899063 0.609611 0
0.366105 0.196197 0
-0.242081 0.755508 0
-0.0138695 0.613187 0
0.444954 0.276914 0
0.510896 0.128218 0
-0.138881 0.775694 0
0.0940397 0.645833 0
0.154018 0.604314 0
0.200818 0.591035 0
0.552709 0.182421 0
-0.0218309 0.795695 0
0.310392 0.549328 0
0.374069 0.478972 0
0.557374 0.367317 0
0.238139 0.728341 0
0.586037 0.410043 0
0.296367 0.724329 0
0.357229 0.655756 0
0.387128 0.647388 0
0.541015 0.518658 0
0.525684 0.566729 0
0.444219 0.650007 0
0.503903 0.596512 0
-0.058538 0.739704 0
0.29317 0.0253956 0
-0.318022 0.598445 0
0.428186 0.181654 0
0.0512606 -0.134377 0
-0.207598 0.609563 0
0.116382 -0.673783 0
0.230099 -0.579382 0
0.489113 0.179395 0
0.16382 0.784511 0
-0.140801 -0.796256 0
-0.707952 0.386916 0
0.563548 0.244618 0
-0.826575 -0.334824 0
0.165344 0.0825173 0
0.199668 0.108545 0
-0.387099 -0.253022 0
-0.613635 -0.255647 0
0.143548 -0.782091 0
