0.24641693 0.13762705 0.20607979 1
0.25063656 0.13447945 0.20764595 1
0.25337239 0.13040368 0.20823330 1
0.25788874 0.12536577 0.20788503 1
0.25501734 0.12530861 0.21183407 1
0.25924737 0.11709962 0.21248259 1
0.26253759 0.11555201 0.20927793 1
0.26654347 0.10999147 0.21192547 1
0.26893953 0.10723793 0.21437713 1
0.27153160 0.10021800 0.21595999 1
0.27462522 0.09722064 0.21396480 1
0.27881363 0.09200166 0.21525966 1
0.28067467 0.08690064 0.21873398 1
0.12918214 0.22356881 0.22671118 1
0.12532886 0.22466839 0.22322046 1
0.12693766 0.23067859 0.21871569 1
0.12705941 0.23854703 0.21675608 1
0.12594030 0.24019470 0.21061561 1
0.12956343 0.24660529 0.21177247 1
0.12764472 0.24737648 0.20607420 1
0.13265055 0.25191325 0.20624709 1
0.13638037 0.25250724 0.20050523 1
0.13569218 0.25549675 0.19576581 1
0.21666031 0.13018627 0.23011475 1
0.22208279 0.12909382 0.22945728 1
0.22232621 0.12366356 0.23141033 1
0.22377613 0.11957705 0.23342026 1
0.22482946 0.11517776 0.23539080 1
0.22503427 0.10953206 0.23768149 1
0.22778476 0.10583120 0.24106578 1
0.22777631 0.10020976 0.24340550 1
0.23085783 0.09617688 0.24522527 1
0.23114478 0.08995256 0.24851063 1
0.23381130 0.08600338 0.24851097 1
0.23438141 0.08026806 0.25380064 1
0.23771612 0.07669713 0.25234534 1
0.20503821 0.27061422 0.14185674 1
0.21150590 0.27074162 0.14012596 1
0.21743131 0.26988214 0.13791699 1
0.21968499 0.26570805 0.13554949 1
0.22718447 0.26553244 0.13578301 1
0.23107755 0.26479000 0.13249276 1
0.23423580 0.25834792 0.13482237 1
0.23959233 0.25476997 0.13387111 1
0.24228772 0.24988246 0.13412439 1
0.24725863 0.24470059 0.13252394 1
0.15389023 0.29731561 0.16016225 1
0.15357867 0.29472889 0.15694797 1
0.15652120 0.29708784 0.15495559 1
0.20126455 0.20054257 0.19640306 2
0.14520887 0.36556684 0.14151532 3
0.14467539 0.27535204 0.18023381 2
0.24368040 0.14268282 0.20681361 2
0.19766731 0.25012627 0.15882492 2
0.16215696 0.23375335 0.19476772 2
0.20112200 0.15580061 0.22304719 2
0.17256174 0.29316317 0.15207349 2
0.23627693 0.18023687 0.18563986 2
0.21526256 0.21980728 0.17090222 2
0.17276539 0.25693835 0.17479543 2
0.19136429 0.22514865 0.18595021 2
0.21954684 0.16621228 0.20474946 2
0.17550933 0.21158855 0.20474294 2
0.18961606 0.17968143 0.21538606 2
0.19016178 0.27255540 0.15382377 2
0.21644940 0.13739145 0.22441904 2
0.21957553 0.20002161 0.18260768 2
0.16215490 0.27914981 0.16704564 2
0.15545678 0.30516456 0.15827445 3
0.15417890 0.25777326 0.18776628 2
0.21346533 0.18323426 0.19645220 2
0.24035524 0.15924302 0.19699640 2
0.19004432 0.24091820 0.17464827 2
0.20552631 0.23294943 0.16538253 2
0.18181903 0.19573431 0.20576292 2
0.20472618 0.21251167 0.18576260 2
0.17469327 0.24131641 0.17999924 2
0.20448527 0.16919734 0.21464476 2
0.22409442 0.14792443 0.21497020 2
0.17807578 0.22352501 0.19471224 2
0.20043431 0.18218328 0.20480575 2
0.17938849 0.26856735 0.16394938 2
0.18768389 0.20668127 0.19344756 2
0.20214366 0.22401624 0.17598413 2
0.15734501 0.26896080 0.17569543 2
0.19139796 0.26112124 0.16178132 2
0.17633680 0.28127793 0.15555157 2
0.21237591 0.15904280 0.21366386 2
0.22835568 0.17404257 0.19367906 2
0.15868648 0.29283035 0.15850981 2
0.16301949 0.24885384 0.18589085 2
0.18360227 0.25032793 0.16924558 2
0.23868119 0.16845757 0.18968797 2
0.22201598 0.18703364 0.18916744 2
0.23214584 0.15464538 0.20392042 2
0.21470820 0.20901833 0.17767159 2
0.14404930 0.25833766 0.19242562 2
0.21299547 0.14930208 0.21904912 2
0.17434412 0.23348350 0.19169444 2
0.21089488 0.19294721 0.19205213 2
0.18529523 0.21664064 0.18964913 2
0.15150424 0.28121362 0.17417459 2
0.23150712 0.16516455 0.19899881 2
0.16967216 0.26906207 0.16844738 2
0.18890237 0.18796673 0.20696435 2
0.19577333 0.21668512 0.18167681 2
0.21281707 0.17624781 0.20397877 2
0.20427807 0.19047775 0.20018989 2
0.19962226 0.23993063 0.16989555 2
0.14633194 0.26476413 0.18495506 2
0.18994794 0.19611875 0.20017739 2
0.16903011 0.24211124 0.18936337 2
0.22920500 0.18942475 0.18320093 2
0.19822678 0.27016390 0.14948750 2
0.16810520 0.28501698 0.15798535 2
0.18187589 0.28612329 0.14976780 2
0.17786882 0.21431683 0.19598100 2
0.19705464 0.21039168 0.19033371 2
0.19254539 0.17117274 0.21707733 2
0.19694278 0.23445227 0.17668782 2
0.17064765 0.22190821 0.19947456 2
0.16192615 0.26135304 0.17641177 2
0.18381351 0.22887565 0.18385260 2
0.19547944 0.18954257 0.20134778 2
0.19506408 0.26168630 0.15394697 2
0.17319475 0.27516216 0.16077516 2
0.18457315 0.25794690 0.16568050 2
0.21241174 0.22982086 0.16883305 2
0.24348160 0.14909973 0.20154697 2
0.20795495 0.20066387 0.19140722 2
0.22371802 0.15426321 0.20965266 2
0.20246356 0.16195451 0.21789610 2
0.16119419 0.25636038 0.18363806 2
0.17769365 0.24822765 0.17737616 2
0.17141374 0.24794050 0.18283561 2
0.15470629 0.28495040 0.16802874 2
0.19862799 0.22560650 0.18280960 2
0.19410480 0.24595503 0.17022423 2
0.20640532 0.21779486 0.17408846 2
0.22981272 0.14903845 0.20875421 2
0.21892649 0.14459572 0.22036750 2
0.19300685 0.20131386 0.19476224 2
0.21228315 0.20230408 0.18214591 2
0.20828185 0.17177075 0.20854694 2
0.21943970 0.17942698 0.19374388 2
0.16057000 0.28491572 0.16242010 2
0.15166998 0.27377768 0.17309045 2
0.20507370 0.24297247 0.16575412 2
0.17904594 0.23459775 0.18322299 2
0.18853397 0.23536128 0.17939851 2
0.20880905 0.14847293 0.22516999 2
0.17996313 0.27478407 0.15606034 2
0.16630117 0.22703883 0.19631001 2
0.20032390 0.17435415 0.21134160 2
0.15678232 0.24765338 0.18963646 2
0.18480154 0.24586928 0.17602700 2
0.20775433 0.15741638 0.22012728 2
0.18649353 0.19218630 0.21241564 2
0.20208821 0.20553313 0.18840405 2
0.18656014 0.20662408 0.20058151 2
0.19956595 0.23145918 0.17066165 2
0.17857735 0.26162147 0.16726333 2
0.20773393 0.18127450 0.20311465 2
0.16087582 0.24049671 0.19263612 2
0.24668240 0.15660463 0.19483758 2
0.22265698 0.20321072 0.17700587 2
0.16355097 0.27155792 0.17090555 2
0.19325385 0.25481334 0.16432532 2
0.22291555 0.19386888 0.18332784 2
0.19839201 0.25812146 0.15899649 2
0.16932858 0.27690129 0.16634689 2
0.17945776 0.20599068 0.20608671 2
0.23828206 0.14699676 0.20595478 2
0.15192697 0.27085850 0.17961042 2
0.21476741 0.16948771 0.20923535 2
0.21367447 0.21601819 0.17645288 2
0.18535316 0.26433104 0.16112717 2
0.17355940 0.23789856 0.18585520 2
0.15234204 0.26189166 0.18266069 2
0.22309993 0.16067686 0.20641374 2
0.17168156 0.22535802 0.19254945 2
0.18720777 0.27800686 0.15117659 2
0.19771038 0.16648798 0.21935476 2
0.16906280 0.26221557 0.17290682 2
0.19196900 0.21459721 0.18932969 2
0.23487277 0.17318485 0.19254702 2
0.23857029 0.15391987 0.20246666 2
0.20177203 0.21981830 0.18239299 2
0.18241441 0.20942019 0.19611560 2
0.21019381 0.21217179 0.18113357 2
0.19205358 0.22836082 0.18036446 2
0.18082673 0.23924825 0.17914696 2
0.17129415 0.21577286 0.20126692 2
0.19295248 0.20805440 0.19685182 2
0.17147515 0.25083292 0.17630603 2
0.22309512 0.17372170 0.19733690 2
0.15328685 0.25255396 0.19179860 2
0.22604584 0.16478299 0.20230374 2
0.19827008 0.19445132 0.19836319 2
0.19476581 0.17759757 0.21224284 2
0.20463979 0.19396849 0.19166087 2
0.19146171 0.23209762 0.17456061 2
0.21859121 0.21427097 0.17289318 2
0.21182277 0.19728714 0.18594692 2
0.21813276 0.15960412 0.21117143 2
0.20406038 0.17898256 0.20929474 2
0.19950328 0.24469469 0.16124565 2
0.18913180 0.21305687 0.19462025 2
0.21003957 0.16454420 0.21524641 2
0.19221670 0.18323708 0.20914008 2
0.18772200 0.18618024 0.21290568 2
0.18856398 0.25038748 0.16562896 2
0.18186034 0.22688620 0.18930490 2
0.17425135 0.21900184 0.19328521 2
0.19547955 0.21960450 0.18699799 2
0.20918947 0.20845251 0.18594560 2
0.22373190 0.18128475 0.18979434 2
0.18576581 0.20020925 0.20505249 2
0.21692098 0.19364852 0.18340778 2
0.24153575 0.16334900 0.19075234 2
0.23047293 0.17930206 0.18641565 2
0.23182097 0.16046714 0.20259309 2
0.18980116 0.24235324 0.16834116 2
0.18862966 0.22131604 0.19107628 2
0.16591628 0.25363103 0.18148640 2
0.22625525 0.19822049 0.18132132 2
0.19077515 0.20262947 0.20007854 2
0.16569834 0.23497337 0.19035043 2
0.23613048 0.16535638 0.19384648 2
0.19931036 0.22922579 0.17729838 2
0.21705616 0.18955190 0.19046775 2
0.18543516 0.26983677 0.15545764 2
0.19069250 0.19582898 0.20578285 2
0.17895448 0.20043929 0.20696452 2
0.19745579 0.24722520 0.16580346 2
0.19887887 0.16937880 0.21341776 2
0.14629951 0.27976097 0.17553397 2
0.17226612 0.26445428 0.16672536 2
0.18247379 0.21626545 0.19841273 2
0.21982060 0.20807869 0.17574343 2
0.20072860 0.23898885 0.16455614 2
0.20594453 0.21640808 0.18114471 2
0.15991044 0.26306008 0.18125045 2
0.22732506 0.18665470 0.18792028 2
0.20229196 0.25097850 0.16149187 2
0.19168711 0.26742678 0.15344836 2
0.17732614 0.23013140 0.18880659 2
0.20930165 0.18627013 0.19755047 2
0.20470883 0.23229010 0.17133700 2
0.20411369 0.18550590 0.20320303 2
0.18097250 0.20002759 0.20217878 2
0.17649917 0.25713882 0.16889384 2
0.19351527 0.25663286 0.15797275 2
0.20655933 0.22624038 0.17439398 2
0.21335689 0.22305647 0.17447681 2
0.21687836 0.17479875 0.20111895 2
0.21715899 0.15114260 0.21662563 2
0.19841734 0.20747326 0.18534677 2
0.20610457 0.23865150 0.16324509 2
0.21351748 0.22435482 0.16938804 2
0.19540985 0.19118850 0.20616433 2
0.20838296 0.22677325 0.16868075 2
0.12966124 0.35844679 0.13170024 3
0.15129327 0.30574196 0.15534801 3
0.10892886 0.32258920 0.15211043 3
0.15134025 0.34772967 0.16885597 3
0.14438997 0.32347815 0.11507147 3
0.16316366 0.34761645 0.13613376 3
0.11974634 0.35681505 0.16242198 3
0.11358633 0.33465058 0.12065299 3
0.12599333 0.30763328 0.13310986 3
0.13207437 0.32648613 0.17084668 3
0.14050320 0.33492393 0.14434849 3
0.14815683 0.36642128 0.14967933 3
0.14923104 0.35147933 0.11389445 3
0.10563168 0.35266792 0.13672326 3
0.16121663 0.32250970 0.13658690 3
0.16216417 0.32964026 0.15845418 3
0.12847974 0.31042296 0.15408679 3
0.12966173 0.34090149 0.10852011 3
0.12031208 0.34274573 0.14661250 3
0.11359614 0.33681520 0.16574909 3
0.11632665 0.36750248 0.14434723 3
0.14624096 0.31110641 0.13078184 3
0.15035289 0.36394671 0.12831560 3
0.15147674 0.33567527 0.12725238 3
0.12849097 0.33043088 0.12996908 3
0.13360685 0.34250898 0.16396672 3
0.13931100 0.35140294 0.15007604 3
0.11843097 0.35410651 0.11940752 3
0.16250096 0.34592649 0.15353744 3
0.13531393 0.37192482 0.13981284 3
0.10476108 0.32981193 0.13770342 3
0.14306342 0.32437018 0.15866882 3
0.12353701 0.31971409 0.11865439 3
0.12795983 0.32616556 0.15087775 3
0.13446139 0.35704215 0.11580219 3
0.10422905 0.34465261 0.15009714 3
0.13183290 0.36575739 0.15820049 3
0.11474283 0.31909384 0.13240741 3
0.13895453 0.34425283 0.12712601 3
0.13976003 0.30752956 0.14435296 3
0.14240972 0.35812717 0.16489029 3
0.13322479 0.32044571 0.13886777 3
0.15274286 0.35316947 0.14394226 3
0.15847141 0.33339204 0.14504255 3
0.11710312 0.32174508 0.16339845 3
0.16071341 0.34473099 0.12281659 3
0.14369439 0.33309991 0.16929403 3
0.15686520 0.31348144 0.14548378 3
0.11833072 0.31463978 0.14649025 3
0.16560328 0.33545595 0.13094835 3
0.15771057 0.32503812 0.12276970 3
0.11357371 0.33900111 0.13474436 3
0.13627154 0.32073795 0.12606539 3
0.11855256 0.36517188 0.13069779 3
0.10696627 0.34747508 0.12518270 3
0.12060392 0.35677350 0.14973113 3
0.14461327 0.33982100 0.11227316 3
0.11739209 0.32768651 0.14431950 3
0.15324077 0.35769425 0.15881681 3
0.14081808 0.31031301 0.15976686 3
0.15263000 0.34984648 0.13049167 3
0.16413166 0.32257847 0.14872249 3
0.13967235 0.35580555 0.13787130 3
0.14538202 0.32431874 0.14177835 3
0.12596825 0.34859559 0.13732433 3
0.13372225 0.36813012 0.12618369 3
0.14617269 0.33672544 0.15450423 3
0.12052778 0.33409297 0.11122705 3
0.13416112 0.32795638 0.11242797 3
0.12901148 0.35428588 0.16867558 3
0.13993052 0.34444062 0.17325532 3
0.12437271 0.34442730 0.11977188 3
0.11995722 0.34140511 0.15780880 3
0.10895904 0.35459617 0.14831883 3
0.12469921 0.34419807 0.17059819 3
0.15791945 0.33603220 0.16640781 3
0.10766699 0.33355871 0.15256096 3
0.14564525 0.37026735 0.13605961 3
0.13977586 0.35879823 0.12725042 3
0.12907315 0.35430885 0.15629685 3
0.14593024 0.34562036 0.13804656 3
0.11637729 0.35342509 0.13592170 3
0.13129339 0.33381545 0.15801741 3
0.15036122 0.33588268 0.13866904 3
0.12306691 0.33380794 0.17069679 3
0.15193985 0.31887648 0.15986676 3
0.13754290 0.33628333 0.12046237 3
0.13945658 0.32715961 0.13369622 3
0.15251091 0.32218840 0.14911464 3
0.11875984 0.31308575 0.15671617 3
0.11729672 0.32961748 0.13345814 3
0.12322924 0.33910374 0.13074926 3
0.13275268 0.31074541 0.12617358 3
0.16011826 0.35724607 0.13516574 3
0.13004422 0.35503288 0.14399170 3
0.13194922 0.33781476 0.13590317 3
0.14569221 0.36125788 0.11948595 3
0.13545240 0.34499409 0.14334732 3
0.12356078 0.36805480 0.15129473 3
0.14413625 0.31743881 0.16592778 3
0.13708839 0.32411137 0.14731962 3
0.14802972 0.32632243 0.12752903 3
0.12497425 0.33034730 0.12074297 3
0.10765000 0.33142471 0.12779216 3
0.14419858 0.35862929 0.15521124 3
0.15224952 0.30896849 0.13817180 3
0.13113773 0.33530632 0.14690980 3
0.10919308 0.34607496 0.15831787 3
0.12985447 0.31863157 0.16565094 3
0.15242365 0.31769781 0.12615908 3
0.15087530 0.34447861 0.15762033 3
0.12833949 0.32844530 0.13969409 3
0.15596447 0.36118968 0.14926536 3
0.13971614 0.31696975 0.15322301 3
0.13398738 0.34303264 0.15465612 3
0.16700256 0.33707654 0.14586342 3
0.13743310 0.35026293 0.16046694 3
0.12727552 0.31452083 0.14286814 3
0.15666926 0.35303954 0.12219830 3
0.13576446 0.37057121 0.15135561 3
0.13630958 0.33520313 0.17443632 3
0.12295546 0.36936814 0.13765310 3
0.13058601 0.36590240 0.14496181 3
0.15947535 0.33557666 0.12271522 3
0.11566198 0.34202406 0.12637415 3
0.13975918 0.34553023 0.11739462 3
0.12356883 0.32317084 0.13245909 3
0.15696974 0.34518644 0.14433266 3
0.11208074 0.36204384 0.13859378 3
0.11303335 0.35562737 0.15624959 3
0.15192086 0.33734955 0.11822860 3
0.10462343 0.33869102 0.13866412 3
0.11737416 0.32759149 0.15318709 3
0.15547043 0.32754571 0.16589388 3
0.16191847 0.33838028 0.15823184 3
0.12591326 0.35264430 0.12369392 3
0.11370656 0.33737402 0.14467164 3
0.15371877 0.32067875 0.14058605 3
0.14032639 0.32844572 0.12295797 3
0.14119952 0.33777755 0.13235838 3
0.14507187 0.34371579 0.14962572 3
0.11635501 0.34574357 0.16428336 3
0.12812105 0.32501873 0.16026269 3
0.12925160 0.31625989 0.13165323 3
0.13852839 0.31301300 0.13796992 3
0.14556789 0.34928586 0.16262026 3
0.12700326 0.35346047 0.11438237 3
0.14850469 0.35469585 0.12506800 3
0.16536113 0.34845096 0.14610102 3
0.14809967 0.32153634 0.13440013 3
0.12592910 0.36556924 0.12524325 3
0.13801866 0.31598592 0.11954459 3
0.15932652 0.35486513 0.15336157 3
0.14840951 0.35777619 0.13870239 3
0.15258396 0.36594662 0.13645363 3
0.13584882 0.35079504 0.12227423 3
0.14154325 0.36877611 0.12828372 3
0.15563206 0.34445173 0.13576783 3
0.13960355 0.33221277 0.15295929 3
0.11002983 0.32467485 0.14271826 3
0.10545758 0.34042929 0.12890400 3
0.13919871 0.32988826 0.16314413 3
0.13469230 0.36152137 0.15199115 3
0.11139005 0.34603673 0.14673569 3
0.14413778 0.30766917 0.15233729 3
0.13316291 0.36467237 0.13735848 3
0.16084538 0.35738378 0.14428502 3
0.12247788 0.33636504 0.15080981 3
0.12995273 0.33341935 0.16677524 3
0.12202830 0.33754467 0.14087689 3
0.12128023 0.32642424 0.16859180 3
0.13539792 0.30582574 0.13726560 3
0.13497091 0.31504657 0.14467938 3
0.14132841 0.32388701 0.16942553 3
0.15457099 0.31384429 0.15446403 3
0.11606275 0.33293766 0.15942023 3
0.12892093 0.34483550 0.13118764 3
0.12792857 0.30685961 0.14177893 3
0.12342517 0.31861017 0.15388511 3
0.14162887 0.34001077 0.16650439 3
0.15482978 0.33454110 0.15949648 3
0.11737159 0.34576397 0.11682060 3
0.12172710 0.35057032 0.16695731 3
0.15034885 0.35008223 0.15240663 3
0.12884421 0.33936392 0.11614774 3
0.11627222 0.36540532 0.15168845 3
0.14295723 0.34987800 0.14356936 3
0.13156567 0.34773905 0.11100109 3
0.14572290 0.34693263 0.12898876 3
0.15274941 0.34534103 0.11641190 3
0.13041659 0.36168341 0.12010208 3
0.10800170 0.32545807 0.13252269 3
0.14738862 0.36366406 0.15976392 3
0.12464732 0.33115960 0.14587905 3
0.12202549 0.35204088 0.15532563 3
0.14480034 0.36339988 0.13324508 3
0.12005467 0.34381228 0.13556312 3
0.15964156 0.32965457 0.13792999 3
0.12290820 0.32046408 0.14377136 3
0.16067435 0.31990539 0.15472086 3
0.14110582 0.33030492 0.11350260 3
0.12818856 0.34103845 0.14328028 3
0.12218735 0.31422068 0.13243748 3
0.13639554 0.32130276 0.15916826 3
0.11432698 0.32053418 0.15669475 3
0.14916907 0.33196618 0.14977374 3
0.12735430 0.33738348 0.12492126 3
0.12511388 0.34607711 0.16014012 3
0.16252100 0.32973668 0.12594946 3
0.12282071 0.33617766 0.16206802 3
0.16618546 0.33082674 0.14959644 3
0.13210480 0.32482696 0.13293155 3
0.13571732 0.33340455 0.13034393 3
0.11807626 0.31597658 0.13820289 3
0.13350866 0.35965724 0.16183278 3
0.13535453 0.33089828 0.14117444 3
0.13713923 0.32174455 0.11520670 3
0.14838516 0.33983898 0.14445448 3
0.11887935 0.32666500 0.11935286 3
0.13861572 0.36753013 0.14542244 3
0.13690797 0.34019190 0.14866829 3
0.14927500 0.35427690 0.16654915 3
0.12494836 0.33142365 0.15548511 3
0.14001661 0.34553987 0.11016484 3
0.12295887 0.35944569 0.11758733 3
0.15096925 0.32080180 0.11980729 3
0.13061785 0.37066590 0.13218454 3
0.12473535 0.36456326 0.15748248 3
0.13827692 0.36572539 0.12115965 3
0.14555708 0.36081807 0.14455362 3
0.11332787 0.32347215 0.12688891 3
0.11595577 0.35703031 0.12546844 3
0.12134719 0.34158322 0.11256467 3
0.14252370 0.35383283 0.11480291 3
0.14836535 0.31637182 0.14943977 3
0.12160337 0.34701223 0.12583570 3
0.14755230 0.31263941 0.15944364 3
0.11956817 0.33990926 0.16820070 3
0.13612952 0.34894520 0.13164211 3
0.10571389 0.34685074 0.14078502 3
0.14131421 0.36552838 0.13917975 3
0.13280449 0.34869387 0.14933362 3
0.11071324 0.36227870 0.14553551 3
0.16529907 0.34285639 0.14178021 3
0.10774521 0.34211812 0.12063789 3
0.14396923 0.33180040 0.13651160 3
0.11876063 0.31733874 0.12689783 3
0.13334155 0.34221629 0.17429234 3
0.13720174 0.35711667 0.14431673 3
0.14798998 0.34072258 0.12383542 3
0.15646681 0.36109718 0.14024863 3
0.13769892 0.34159037 0.13727409 3
0.15557671 0.35721608 0.12772457 3
0.11834255 0.34752934 0.14188164 3
0.14147928 0.36373351 0.15125288 3
0.11743346 0.36160185 0.15745896 3
0.13581331 0.35653771 0.16765032 3
0.13079776 0.31505884 0.12104262 3
0.11921609 0.32459054 0.13834570 3
0.11928803 0.33909312 0.12120204 3
0.13156813 0.33237611 0.11989723 3
0.13256447 0.31660261 0.15100480 3
0.15791744 0.33965197 0.14023151 3
0.14294855 0.32742316 0.14922032 3
0.11437737 0.33292037 0.13939983 3
0.11392711 0.33802334 0.15521950 3
0.10917452 0.35553827 0.13150868 3
0.13208725 0.33460849 0.11009074 3
0.15172103 0.30900463 0.14664728 3
0.14924423 0.32743143 0.11800190 3
0.12337278 0.35570807 0.12934401 3
0.12076529 0.33256875 0.12574465 3
0.15277080 0.31303142 0.13182381 3
0.16600098 0.33328443 0.14022428 3
0.13837566 0.33718402 0.11112668 3
0.14485554 0.31657943 0.11951995 3
0.14207827 0.31511306 0.14700106 3
0.15719233 0.33098314 0.15392290 3
0.14048477 0.34554202 0.15438227 3
0.14618290 0.34034971 0.17160224 3
0.12012167 0.36235940 0.12360370 3
0.15963963 0.34969639 0.15844588 3
0.15332472 0.33027022 0.13096706 3
0.12392740 0.35222099 0.14295447 3
0.14199117 0.35371204 0.12265889 3
0.14262430 0.35251313 0.16873846 3
0.13362722 0.32649580 0.12360076 3
0.14967327 0.31526774 0.13989718 3
0.10511858 0.34453810 0.13442806 3
0.13294294 0.34142160 0.12576169 3
0.13362971 0.35272747 0.13797995 3
0.15025456 0.32876692 0.14390190 3
0.14943053 0.32299449 0.16461819 3
0.15494399 0.33121920 0.12020326 3
0.15442547 0.34494191 0.12530666 3
0.12568514 0.34665099 0.14787703 3
0.14200023 0.37192615 0.14149746 3
0.14792365 0.32902117 0.15921255 3
0.12825913 0.33995220 0.15285614 3
0.12543090 0.31875791 0.13775268 3
0.11387967 0.35172055 0.16167558 3
0.15871346 0.32476972 0.14247872 3
0.13235727 0.31291243 0.16314557 3
0.14342467 0.35176210 0.13402305 3
0.12226272 0.37065717 0.14523436 3
0.13994197 0.30888478 0.13143440 3
0.12592385 0.35933515 0.16310821 3
0.14525512 0.33225175 0.12610378 3
0.11359573 0.36076691 0.13144526 3
0.12154566 0.35762044 0.13613653 3
0.12407627 0.31461872 0.12290188 3
0.11713486 0.34753073 0.15549595 3
0.14835141 0.34283349 0.16550701 3
0.11315557 0.34804719 0.12141486 3
0.12173809 0.31083880 0.15122318 3
0.13565425 0.32055409 0.16858614 3
0.13447935 0.31137375 0.15674192 3
0.11124715 0.36025696 0.15182435 3
0.10754993 0.32792587 0.14792786 3
0.11392841 0.35706383 0.14302702 3
0.13663573 0.35528729 0.15623159 3
0.13741552 0.33021232 0.16967147 3
0.10966398 0.32851974 0.15635508 3
0.13012260 0.34763013 0.12016936 3
0.12585396 0.33336428 0.13608435 3
0.13668782 0.30764515 0.15017525 3
0.11800033 0.35102404 0.12959806 3
0.11049109 0.32029915 0.13727237 3
0.11626357 0.35185562 0.14935680 3
0.13795706 0.36796846 0.15733088 3
0.11195039 0.34216582 0.14055560 3
0.11227050 0.32849473 0.12281031 3
0.15232508 0.36470606 0.14492216 3
0.14693312 0.33411700 0.11549324 3
0.10910158 0.34998785 0.15309444 3
0.15785804 0.31781146 0.13355915 3
0.11027751 0.35146417 0.14141545 3
0.12779563 0.33860427 0.17183133 3
0.15617451 0.33984642 0.12895310 3
0.13108074 0.31154162 0.13852197 3
0.13353161 0.32899685 0.15265333 3
0.11344298 0.32920721 0.16404602 3
0.10976451 0.33381751 0.16072740 3
0.15108313 0.35700274 0.11959574 3
0.15655520 0.33778653 0.14937883 3
0.15900129 0.32694857 0.14920790 3
0.10676118 0.33461470 0.13387161 3
0.14273767 0.34078037 0.15817060 3
0.15965405 0.33511341 0.13340507 3
0.16450977 0.32779875 0.14416152 3
0.12966272 0.32111753 0.11723971 3
0.13538598 0.33687152 0.16657001 3
0.12656616 0.35899955 0.15071787 3
0.11659959 0.33511169 0.12992891 3
0.12541512 0.36671675 0.13234490 3
0.13116643 0.32206967 0.14590768 3
0.15133210 0.36319564 0.15472149 3
0.11229385 0.34604711 0.13006778 3
0.14653324 0.32090915 0.15358732 3
0.13626516 0.35252811 0.11164204 3
0.11870314 0.36161644 0.14356921 3
0.11141889 0.35226244 0.12589804 3
0.16155971 0.32598403 0.13123304 3
0.13278348 0.35549160 0.12533793 3
0.13006639 0.30872002 0.14814422 3
0.14524995 0.33463965 0.16330155 3
0.11653681 0.36637487 0.13715594 3
0.15060605 0.32617568 0.15417677 3
0.10620766 0.33344686 0.14273404 3
0.14425529 0.36774697 0.15535098 3
0.14832527 0.35555682 0.14987627 3
0.16269335 0.35265716 0.14045043 3
0.15925798 0.34245433 0.16232855 3
0.14018732 0.31253936 0.12442467 3
0.12867437 0.32025166 0.12675180 3
0.12467956 0.36425020 0.14335228 3
0.13854600 0.37012809 0.13369935 3
0.14238586 0.32224986 0.12664958 3
0.13110842 0.34634535 0.17012399 3
0.15654457 0.32179685 0.12889204 3
0.15485146 0.36142537 0.13231146 3
0.13821653 0.31568787 0.16488230 3
0.13715859 0.36192491 0.13200115 3
0.15947691 0.35203075 0.13176944 3
0.13159514 0.34802258 0.16064103 3
0.12852473 0.35990362 0.13766696 3
0.12300310 0.33500606 0.11709035 3
0.10537293 0.35034341 0.13048683 3
0.14751812 0.34122943 0.13391361 3
0.15386873 0.34946091 0.13906456 3
0.10368158 0.34148580 0.14414202 3
0.12496284 0.31679948 0.16228161 3
0.11190128 0.34318886 0.15222821 3
0.13475833 0.34216292 0.11598531 3
0.11545638 0.33283443 0.14849828 3
0.14330726 0.36383541 0.12457281 3
0.14647771 0.31364555 0.12470726 3
0.14006969 0.36087185 0.11695960 3
0.11483044 0.31843848 0.14312467 3
0.15326382 0.32548143 0.13675355 3
0.11739309 0.33193483 0.11606926 3
0.14179561 0.37046884 0.15013883 3
0.16662359 0.33892856 0.13589329 3
0.14356583 0.31812898 0.13209772 3
0.12127392 0.34976935 0.11433220 3
0.12544931 0.32515187 0.12393164 3
0.13688807 0.31756653 0.13124975 3
0.15874014 0.32358654 0.15919383 3
0.11739232 0.33112453 0.16839451 3
0.14547226 0.30962524 0.14479085 3
0.11092458 0.34913732 0.13581442 3
0.15618443 0.31360951 0.13802043 3
0.14023357 0.32130970 0.14056136 3
0.12014040 0.32723466 0.12860713 3
0.13656221 0.33684159 0.15790506 3
0.13073487 0.32021164 0.15553853 3
0.16589226 0.33034054 0.13421471 3
0.14969134 0.35052507 0.12082756 3
0.16516700 0.34182456 0.14996927 3
0.14856858 0.36785201 0.14077994 3
0.13052527 0.33239651 0.17271514 3
0.11105241 0.34115739 0.16132026 3
0.12699686 0.33226470 0.11237781 3
0.14716789 0.32708485 0.16846085 3
0.14126045 0.36217582 0.16054906 3
0.14705248 0.35904170 0.12973236 3
0.13351527 0.32741787 0.16147728 3
0.11689140 0.31821371 0.15178620 3
0.15160706 0.35413341 0.13456457 3
0.13339033 0.30809595 0.13208813 3
0.12153993 0.32274271 0.15778743 3
0.12622403 0.32841251 0.17129820 3
0.10473753 0.35357028 0.14255512 3
0.16403433 0.33999589 0.12741375 3
0.12856907 0.37132272 0.13803563 3
0.16510004 0.32535506 0.15389339 3
0.10841683 0.33752404 0.12435658 3
0.13752547 0.34987395 0.17017223 3
0.11098984 0.31941337 0.14757341 3
0.14489097 0.34719644 0.11977796 3
0.12076317 0.31144967 0.14216715 3
0.15666973 0.34022422 0.12020763 3
0.13958665 0.34566089 0.16345050 3
0.14499838 0.34646841 0.17104232 3
0.11910553 0.32158294 0.12283826 3
0.12801512 0.37143031 0.14617387 3
0.15271376 0.35196193 0.16240189 3
0.12856143 0.32704771 0.11453336 3
0.12701278 0.31191230 0.15954914 3
0.14910898 0.35928179 0.16323179 3
0.14526774 0.35413514 0.15876953 3
0.10547430 0.33713113 0.14851051 3
0.15368212 0.34166821 0.15336172 3
0.15213704 0.33868498 0.16255597 3
0.24731774 0.05293585 0.25391308 3
0.23845623 0.04245394 0.28144335 3
0.23555435 0.06451918 0.27353069 3
0.24063570 0.03418443 0.26131485 3
0.25569260 0.05536087 0.27292169 3
0.22802723 0.04834889 0.26470243 3
0.23954218 0.07075473 0.25699835 3
0.25696162 0.04048385 0.26672675 3
0.24272211 0.05075026 0.26700144 3
0.24857621 0.06485600 0.26697068 3
0.23192454 0.05167930 0.25279052 3
0.24533090 0.05902061 0.27922843 3
0.24994992 0.04115630 0.25577099 3
0.24538544 0.03566437 0.27236171 3
0.23416963 0.06117157 0.26166372 3
0.23531330 0.04020659 0.26968943 3
0.25370145 0.04404568 0.27690175 3
0.22862694 0.05266094 0.27495446 3
0.23541646 0.04223671 0.25648918 3
0.25706311 0.04848753 0.25842832 3
0.24559463 0.04807768 0.27545276 3
0.24070062 0.06188916 0.25552844 3
0.25183726 0.04844501 0.26945772 3
0.24886901 0.06073812 0.25796470 3
0.23587721 0.05114837 0.27876600 3
0.24842556 0.04276096 0.26371685 3
0.24760487 0.05701721 0.27167555 3
0.24044509 0.05339044 0.25816259 3
0.23892474 0.06549337 0.26644427 3
0.22687693 0.05543474 0.26771814 3
0.25436548 0.05987919 0.26336325 3
0.24419955 0.05126250 0.28206029 3
0.23868048 0.05634008 0.25113081 3
0.25434827 0.05281905 0.27966347 3
0.24897291 0.05190070 0.26090503 3
0.23852747 0.05602213 0.26476069 3
0.25193116 0.03651756 0.26075583 3
0.23818403 0.04566717 0.26172852 3
0.23805777 0.03847716 0.27591427 3
0.23104285 0.04685879 0.27233156 3
0.24432894 0.05919404 0.26315985 3
0.23811196 0.05880034 0.27096243 3
0.23788555 0.04874310 0.25185745 3
0.25065522 0.03980511 0.27210864 3
0.24594148 0.03427181 0.26585311 3
0.24122982 0.05301827 0.27308222 3
0.24386727 0.03934174 0.25735944 3
0.25381575 0.06114868 0.27054624 3
0.23313604 0.05237223 0.26442442 3
0.24236841 0.04038139 0.26364203 3
0.25814405 0.04762749 0.27059782 3
0.24694030 0.04543559 0.28191509 3
0.24154323 0.04158172 0.26987849 3
0.24400334 0.04791006 0.26044212 3
0.24428475 0.03876006 0.27768550 3
0.23967699 0.04442231 0.27503927 3
0.22976022 0.06082801 0.26687410 3
0.25832786 0.05465925 0.26745651 3
0.24666304 0.04577777 0.25354616 3
0.24626857 0.06593000 0.27246368 3
0.22802364 0.05389557 0.26156455 3
0.24385879 0.06088957 0.26895225 3
0.23299801 0.04252743 0.26197797 3
0.24207550 0.06243437 0.27556728 3
0.23145083 0.04800438 0.25983481 3
0.24056112 0.05555390 0.28007264 3
0.25199746 0.03716677 0.26697032 3
0.23611853 0.05012779 0.27295297 3
0.24807590 0.05519692 0.26614790 3
0.23677139 0.04765328 0.26701141 3
0.23928804 0.06487857 0.26029616 3
0.23329421 0.04170330 0.27537075 3
0.23311205 0.05606414 0.27752692 3
0.24309601 0.06796222 0.26334537 3
0.25313945 0.04649321 0.26420716 3
0.29146400 0.04752373 0.22633752 3
0.28545025 0.07997529 0.22039762 3
0.31101330 0.06828892 0.22312588 3
0.29323407 0.05970313 0.20592850 3
0.29706664 0.06777251 0.23570708 3
0.28070889 0.06211356 0.22294330 3
0.30773447 0.05247853 0.21225033 3
0.30647195 0.04923900 0.23027616 3
0.29781122 0.06162825 0.22087748 3
0.30051512 0.07179211 0.20882205 3
0.30042290 0.07628443 0.22206152 3
0.29282553 0.04816054 0.21114742 3
0.28711590 0.06914086 0.21073450 3
0.30068382 0.04536293 0.21984992 3
0.29894168 0.05493968 0.23674550 3
0.28850047 0.05833231 0.22978369 3
0.30740238 0.06291425 0.23181965 3
0.28505606 0.05678407 0.21461650 3
0.30516077 0.06080317 0.20618953 3
0.31376258 0.05856590 0.21998387 3
0.28806356 0.06870392 0.22981417 3
0.30429632 0.05611675 0.22456106 3
0.28880013 0.06746682 0.21951727 3
0.30383962 0.05971164 0.21480816 3
0.30561882 0.07083136 0.22908811 3
0.29622465 0.05667719 0.21334251 3
0.28537769 0.05223418 0.22360511 3
0.29915344 0.06630892 0.22768013 3
0.29582161 0.06611841 0.21190311 3
0.29878892 0.04478592 0.22751880 3
0.29812698 0.05797146 0.22969996 3
0.29650749 0.07031272 0.21919970 3
0.30744656 0.04998351 0.22166613 3
0.29341974 0.04483938 0.21834050 3
0.28796211 0.07592437 0.21364837 3
0.29446636 0.07223836 0.22974442 3
0.28972663 0.06342738 0.23478995 3
0.29675618 0.05105196 0.22306742 3
0.29150531 0.07640267 0.22154171 3
0.30053592 0.07446847 0.21535966 3
0.31153889 0.06063035 0.22684954 3
0.30538838 0.06475028 0.22158435 3
0.29999479 0.05116870 0.21214100 3
0.29363106 0.05708554 0.22355632 3
0.28387011 0.06780666 0.22443773 3
0.30839597 0.06912141 0.21711340 3
0.29485004 0.07036835 0.20589415 3
0.29206102 0.06110654 0.21573018 3
0.30700730 0.06446046 0.21163626 3
0.29765663 0.06434812 0.20497393 3
0.30382981 0.05887224 0.23528468 3
0.30068362 0.06597790 0.21712763 3
0.30183002 0.07014541 0.22337940 3
0.29316081 0.05170775 0.21786974 3
0.28595282 0.05016556 0.21766326 3
0.31104469 0.05336946 0.21765182 3
0.31112192 0.06312312 0.21662712 3
0.28682567 0.06132303 0.22233850 3
0.30576615 0.07397723 0.21991272 3
0.29997325 0.05621476 0.21881457 3
0.28924066 0.05643909 0.21913469 3
0.29570178 0.04973127 0.23019444 3
0.30023662 0.07408735 0.22905719 3
0.29071767 0.06486841 0.20788550 3
0.30351268 0.05525734 0.20775633 3
0.30780218 0.05945526 0.22024927 3
0.29467809 0.06247799 0.23163320 3
0.28747480 0.06055985 0.21071750 3
0.29749738 0.05565336 0.20521333 3
0.29578045 0.07494406 0.21187431 3
0.28598950 0.07499047 0.22351969 3
0.30877575 0.05825326 0.21010290 3
0.29928064 0.06073003 0.21036317 3
0.30329505 0.06633199 0.20691969 3
0.30505146 0.07122078 0.21251188 3
0.30372456 0.04916180 0.21662928 3
0.29480748 0.06684323 0.22395053 3
0.30402056 0.05345813 0.23337399 3
0.29116793 0.06220418 0.22650062 3
0.27410508 0.22805843 0.11972732 3
0.27148005 0.22189635 0.15154326 3
0.25368195 0.24063502 0.13377296 3
0.28148301 0.20962045 0.13365372 3
0.25919556 0.21516365 0.13465566 3
0.27345753 0.23961404 0.13935829 3
0.28400809 0.22391184 0.14163323 3
0.25967208 0.22762229 0.14355070 3
0.27055224 0.21409007 0.12339941 3
0.27001474 0.22360521 0.13426265 3
0.25977050 0.23168926 0.12536078 3
0.27210008 0.21136326 0.14333230 3
0.28507625 0.22512476 0.12569945 3
0.27601013 0.23750730 0.12689268 3
0.27739240 0.23192876 0.14604514 3
0.26126571 0.22193328 0.12116599 3
0.26313675 0.21681659 0.14720448 3
0.28179499 0.23330264 0.13468373 3
0.27119652 0.20774738 0.13290793 3
0.26449564 0.23234808 0.13573340 3
0.25585370 0.22620155 0.13452216 3
0.28698739 0.21810392 0.13534696 3
0.26873173 0.23396458 0.14518246 3
0.26795538 0.21617518 0.13758888 3
0.26908455 0.23753021 0.13132460 3
0.27845691 0.22480689 0.13023600 3
0.27035768 0.22354242 0.14382810 3
0.26609817 0.23101520 0.12058104 3
0.28310186 0.21550160 0.14172396 3
0.25734740 0.23419605 0.13827185 3
0.27835071 0.22275406 0.14682148 3
0.27648669 0.21537324 0.13369122 3
0.26570761 0.22132781 0.12719136 3
0.27312163 0.22084217 0.12077017 3
0.26708131 0.22792581 0.14895761 3
0.27315995 0.22022468 0.12874883 3
0.27965466 0.21204121 0.12728812 3
0.26181449 0.22612606 0.13054299 3
0.25889845 0.22108036 0.13831414 3
0.27302791 0.23185935 0.13052705 3
0.26443180 0.21162706 0.12540168 3
0.25991170 0.21764448 0.12665803 3
0.28001158 0.23207339 0.12671350 3
0.27157384 0.23117773 0.13977701 3
0.27804555 0.22427364 0.13871222 3
0.28548402 0.22499269 0.13526949 3
0.25704957 0.23524198 0.13017829 3
0.27742247 0.21640726 0.12291351 3
0.28269452 0.21707325 0.13052600 3
0.26475294 0.20812139 0.13358277 3
0.26285139 0.22306015 0.14679321 3
0.26991680 0.22548819 0.12514262 3
0.26820999 0.21609609 0.12954858 3
0.26282185 0.21587324 0.12107122 3
0.25647917 0.22103327 0.13062060 3
0.27526866 0.21655465 0.14278423 3
0.25954093 0.23892056 0.13436044 3
0.27345673 0.22029972 0.13803226 3
0.26094116 0.21610459 0.14158191 3
0.28119095 0.21986003 0.13580301 3
0.26773502 0.23794395 0.14033450 3
0.27497016 0.20866331 0.13875704 3
0.28413260 0.22931542 0.13087000 3
0.27800862 0.23503984 0.13895849 3
0.26694847 0.22757684 0.13866308 3
0.26293429 0.23610138 0.13006766 3
0.27411138 0.21005174 0.12648973 3
0.28232085 0.22882243 0.13853206 3
0.25622081 0.22639863 0.12829029 3
0.26465696 0.23524278 0.12434700 3
0.26893646 0.22577918 0.11825990 3
0.26787538 0.20780886 0.12812505 3
0.27194706 0.23284147 0.12220277 3
0.28090218 0.22057588 0.12483327 3
0.26763302 0.21899050 0.12150238 3
0.26651721 0.21941607 0.14287058 3
0.12695887 0.19148384 0.24125049 3
0.12765298 0.21622009 0.23031895 3
0.11591643 0.20544097 0.25460728 3
0.13822379 0.20851553 0.24621364 3
0.13118653 0.19293991 0.25870366 3
0.11521938 0.20791820 0.23830925 3
0.12681183 0.17967153 0.25148296 3
0.11145179 0.19229343 0.24191468 3
0.12510574 0.19733173 0.22740705 3
0.14073973 0.19438165 0.23642932 3
0.14073627 0.19244696 0.24932153 3
0.12663174 0.20371201 0.24790966 3
0.13760011 0.18352636 0.24086048 3
0.12773125 0.21385085 0.24218779 3
0.12046749 0.18840752 0.25555762 3
0.13270133 0.20385869 0.23250165 3
0.12250234 0.19914222 0.26018295 3
0.12207202 0.18235938 0.24006506 3
0.11690026 0.19731101 0.23327436 3
0.12211468 0.19952681 0.24072322 3
0.13428669 0.20151681 0.25712888 3
0.13057250 0.18756430 0.23390860 3
0.11727078 0.21075819 0.24651131 3
0.13181412 0.19984199 0.24030948 3
0.12223211 0.19458190 0.24786464 3
0.12126062 0.20441309 0.23379362 3
0.14301139 0.20018281 0.24742587 3
0.11161196 0.20209209 0.24849464 3
0.13256603 0.19273076 0.24975105 3
0.11744399 0.19684193 0.25408137 3
0.13704705 0.18528171 0.24984842 3
0.11287140 0.20051025 0.24012374 3
0.12269273 0.18832776 0.23481758 3
0.13572737 0.20704139 0.23907557 3
0.11728135 0.18693525 0.24871211 3
0.12736325 0.18632605 0.24772478 3
0.13495809 0.20179084 0.24777298 3
0.13042689 0.18108929 0.24002838 3
0.12308742 0.20709096 0.25577837 3
0.13532971 0.19049194 0.24049239 3
0.11404565 0.19373507 0.24857147 3
0.11525159 0.19034170 0.23615160 3
0.12177400 0.20618577 0.24292100 3
0.12666274 0.19643148 0.25478947 3
0.13072516 0.21091254 0.24758767 3
0.11565885 0.18579319 0.24229635 3
0.13436702 0.19245044 0.23135739 3
0.12708855 0.20259113 0.23650978 3
0.13073738 0.20679515 0.25524245 3
0.12496119 0.19155933 0.26014227 3
0.13093293 0.21326182 0.23653092 3
0.12656909 0.19626316 0.23367439 3
0.13134336 0.20544397 0.24402245 3
0.13200669 0.18339816 0.25317486 3
0.11779525 0.20276930 0.24767384 3
0.12628430 0.19073500 0.25224252 3
0.12604922 0.20503966 0.22986826 3
0.13615284 0.19517844 0.25573053 3
0.12697420 0.20785831 0.23972591 3
0.12716561 0.20275581 0.25860904 3
0.13745834 0.19803493 0.23281593 3
0.13575239 0.19638171 0.24508587 3
0.13110358 0.19922889 0.25172528 3
0.12223445 0.18861859 0.24377481 3
0.12226981 0.20133568 0.25147291 3
0.12218980 0.19426424 0.23777158 3
0.12376224 0.21399672 0.23764615 3
0.12238348 0.18483649 0.25106976 3
0.14002014 0.19921681 0.23982924 3
0.11065719 0.19750400 0.24475544 3
0.12298200 0.21223006 0.24634821 3
0.13807476 0.18951686 0.25377435 3
0.13170700 0.19398322 0.23635090 3
0.12678775 0.20940487 0.25178974 3
0.12672827 0.18533512 0.23812180 3
0.12594554 0.18055609 0.24396896 3
0.14159257 0.19126835 0.24115327 3
0.12681017 0.19648031 0.24507625 3
