0.18390000 -0.96550000 0.16290000
-0.18930000 -0.93900001 -0.18449999
-0.18200000 -0.93199998 0.18160000
0.16859999 -0.95829999 -0.19440000
-0.01055000 -0.96560001 -0.07926000
-0.26210001 -0.96240002 -0.00014200
0.00817300 -0.92989999 0.25020000
0.25110000 -0.93199998 -0.02080000
-0.00390800 -0.92879999 -0.26130000
-0.02112000 -0.96560001 0.08986000
0.10040000 -0.92690003 0.01058000
-0.12680000 -0.92690003 0.00529900
0.10040000 -0.92690003 -0.10610000
0.07401000 -0.92690003 0.15809999
-0.07926000 -0.92690003 -0.16380000
-0.08454000 -0.96560001 0.21140000
-0.20080000 -0.92690003 0.07929000
-0.19550000 -0.96560001 -0.07926000
0.23800001 -0.96499997 0.07564000
0.03173000 -0.96560001 -0.17440000
0.22200000 -0.96560001 -0.11100000
-0.11630000 -0.96560001 0.11630000
0.08681000 -0.93229997 -0.24380000
-0.10570000 -0.96560001 -0.07926000
-0.09670000 -0.96460003 -0.24310000
0.16910000 -0.96560001 -0.03169000
0.15860000 -0.92690003 0.08457000
-0.04226000 -0.96560001 0.00530400
0.06344000 -0.96560001 0.07929000
0.08707000 -0.96359998 0.23350000
-0.01021000 -0.92690003 0.16460000
0.03701000 -0.96560001 -0.01584000
-0.18500000 -0.96560001 0.00001900
-0.13740000 -0.92690003 -0.12639999
0.10570000 -0.92690003 -0.17460001
-0.03698000 -0.96560001 -0.20080000
-0.23119999 -0.93210000 -0.12650000
0.18500000 -0.92690003 0.02159000
-0.07926000 -0.92690003 0.05330000
0.16900000 -0.92690003 -0.12660000
0.12160000 -0.96560001 0.13210000
0.13840000 -0.93059999 0.20700000
0.09515000 -0.96560001 -0.04755000
-0.07857000 -0.92690003 0.15440001
-0.01240000 -0.92690003 -0.14489999
-0.24330001 -0.92690003 -0.05833000
-0.12680000 -0.96560001 -0.18500000
-0.22180000 -0.96550000 0.12670000
-0.25160000 -0.96240002 0.06778000
0.02467000 -0.92690003 0.11020000
-0.07398000 -0.92690003 -0.04183000
-0.14800000 -0.92690003 -0.05284000
-0.13280000 -0.92879999 0.21840000
-0.06325000 -0.92690003 -0.10510000
0.03364000 -0.92690003 -0.10610000
0.14270000 -0.96560001 -0.08983000
-0.14270000 -0.96560001 0.04758000
0.01587000 -0.96560001 0.20090000
0.19560000 -0.92690003 -0.07398000
0.20630001 -0.92680001 0.12650000
0.12160000 -0.96560001 0.04758000
-0.13210000 -0.96560001 0.17440000
-0.04755000 -0.92690003 0.23780000
0.03172000 -0.92690003 -0.21670000
-0.17970000 -0.96560001 -0.13740000
-0.13869999 -0.92790002 -0.22290000
0.03173000 -0.96560001 0.14800000
-0.15330000 -0.92690003 0.10570000
-0.22720000 -0.92690003 0.02071000
0.13210000 -0.96560001 -0.14800000
0.22200000 -0.96560001 0.01587000
0.07401000 -0.96560001 -0.13210000
0.13210000 -0.92690003 -0.04711000
0.05239000 -0.92690003 0.20690000
-0.06165000 -0.92690003 -0.23210000
-0.09511000 -0.96560001 -0.13210000
-0.04226000 -0.96560001 0.17970000
0.01587000 -0.96560001 0.05287000
-0.05812000 -0.96560001 0.12690000
0.10040000 -0.96560001 0.17970000
0.10040000 -0.92690003 0.10570000
-0.11630000 -0.96560001 -0.02641000
-0.02829000 -0.92680001 0.05060000
0.12110000 -0.96560001 -0.22620000
-0.20080000 -0.92690003 -0.03170000
0.24590001 -0.92879999 0.04011000
-0.17440000 -0.96560001 0.14270000
0.04350000 -0.92500001 0.01204000
0.17970000 -0.96560001 0.11100000
0.22200000 -0.96560001 -0.04226000
0.04715000 -0.95829999 -0.25600001
-0.04226000 -0.96560001 -0.14270000
0.24400000 -0.93199998 -0.07166000
0.19030000 -0.96560001 0.05287000
0.06344000 -0.96560001 -0.08454000
0.01059000 -0.96560001 -0.12680000
-0.08983000 -0.92690003 0.10040000
0.14800000 -0.92690003 0.14270000
-0.19020000 -0.96560001 0.05287000
-0.03690000 -0.96249998 -0.25830001
0.19560000 -0.92690003 -0.02641000
0.00530400 -0.96560001 -0.22200000
0.07929000 -0.92690003 0.05771000
-0.02112000 -0.96560001 0.24310000
-0.24480000 -0.96230000 -0.09361000
0.07929000 -0.96560001 -0.20610000
0.20170000 -0.94250000 -0.15480000
-0.12680000 -0.92690003 0.06872000
0.13210000 -0.96560001 -0.00526600
-0.01584000 -0.96560001 -0.03169000
0.07400000 -0.92690003 -0.02641000
-0.10040000 -0.96560001 0.07401000
-0.10040000 -0.96560001 0.01587000
-0.17440000 -0.92690003 0.02071000
0.21140000 -0.92690003 0.06872000
-0.05283000 -0.96560001 0.05815000
-0.01925000 -0.92690003 0.11870000
0.13830000 -0.92659998 -0.20520000
-0.17970000 -0.92690003 -0.09512000
-0.20610000 -0.92690003 0.14270000
0.04203000 -0.95840001 0.24680001
0.03317000 -0.92690003 -0.15369999
-0.14740001 -0.92690003 -0.18009999
-0.18500000 -0.96560001 0.10040000
-0.01036000 -0.92690003 -0.18830000
-0.23250000 -0.96560001 -0.03169000
-0.06869000 -0.92690003 0.00573700
-0.15850000 -0.96560001 -0.03698000
-0.12150000 -0.92690003 0.15809999
-0.05283000 -0.96560001 -0.08983000
0.03178000 -0.92690003 0.06805000
0.08458000 -0.96560001 0.02644000
0.02644000 -0.96560001 -0.05812000
-0.23950000 -0.92930001 0.09685000
0.15320000 -0.92690003 -0.01015000
-0.05284000 -0.92690003 0.19560000
0.06468000 -0.92690003 -0.18500000
-0.08975000 -0.92839998 0.23610000
-0.01034000 -0.92690003 -0.09440000
0.04445000 -0.92690003 -0.06603000
0.18500000 -0.96560001 -0.08454000
-0.13210000 -0.96560001 -0.11100000
0.00530400 -0.96560001 0.01059000
0.15860000 -0.96560001 0.02644000
-0.10570000 -0.92690003 -0.10040000
-0.19020000 -0.92690003 -0.14530000
0.22280000 -0.96370000 0.11340000
-0.00871200 -0.92690003 0.21370000
-0.08454000 -0.96560001 0.16390000
-0.00526600 -0.96560001 0.13210000
0.09515000 -0.96560001 -0.16910000
0.12160000 -0.92690003 0.05859000
0.07400000 -0.92690003 -0.14270000
0.07401000 -0.96560001 0.14800000
0.17440000 -0.96560001 -0.13740000
-0.22720000 -0.96560001 0.03701000
-0.16580001 -0.96460003 -0.20250000
0.10060000 -0.92690003 0.21640000
-0.07397000 -0.96560001 -0.04755000
0.17890000 -0.92729998 0.16880000
-0.25479999 -0.92879999 0.04814000
-0.10040000 -0.92690003 -0.21670000
0.15850000 -0.92690003 -0.08943000
0.05287000 -0.96560001 0.19030000
0.09536000 -0.92690003 -0.05857000
0.10570000 -0.96560001 -0.10040000
0.12160000 -0.96550000 0.21140000
0.08987000 -0.96560001 0.11100000
0.01587000 -0.96560001 0.10040000
-0.04686000 -0.92690003 -0.06858000
-0.06869000 -0.96560001 -0.17970000
-0.06783000 -0.95829999 0.24480000
-0.21220000 -0.95660001 -0.15470000
-0.04755000 -0.92690003 -0.19550000
0.21179999 -0.92690003 -0.12200000
0.14800000 -0.96560001 0.17440000
0.16370000 -0.92690003 -0.17430000
-0.14150000 -0.96499997 0.21080001
-0.11630000 -0.92690003 -0.15850000
0.02115000 -0.92690003 0.18500000
0.11100000 -0.92690003 0.14800000
-0.16380000 -0.92690003 0.06343000
-0.11100000 -0.92690003 -0.04755000
-0.15850000 -0.96560001 -0.08454000
0.07929000 -0.96560001 -0.01055000
-0.01055000 -0.96560001 -0.17440000
-0.00526800 -0.92690003 0.08413000
-0.26040000 -0.92879999 -0.01560000
0.06343000 -0.92690003 0.10620000
-0.20610000 -0.92690003 -0.06825000
0.12690000 -0.92690003 -0.13169999
0.12690000 -0.96560001 -0.19020000
0.00162800 -0.96480000 -0.26089999
-0.13660000 -0.96340001 -0.22570001
0.15860000 -0.96560001 0.06872000
-0.04755000 -0.92690003 -0.14270000
-0.01344000 -0.92690003 -0.22750001
0.04054000 -0.92690003 0.14790000
-0.09512000 -0.92690003 0.18500000
0.07238000 -0.93290001 0.23980001
0.21670000 -0.92690003 0.00045400
0.23790000 -0.96550000 -0.07401000
-0.15850000 -0.96560001 0.07929000
-0.15320000 -0.96560001 0.11630000
0.03701000 -0.96560001 0.02644000
-0.02641000 -0.96560001 0.03701000
-0.07926000 -0.96560001 -0.01055000
-0.08983000 -0.96560001 -0.20610000
0.03173000 -0.96560001 -0.10040000
0.24310000 -0.96560001 -0.01583000
-0.13740000 -0.96560001 0.00001900
0.19560000 -0.96560001 -0.00526600
0.16380000 -0.92690003 0.04758000
-0.06869000 -0.96560001 0.02644000
0.05815000 -0.96560001 -0.04755000
0.09515000 -0.96560001 0.06872000
0.14800000 -0.96560001 0.10040000
-0.21670000 -0.96560001 0.08986000
-0.12150000 -0.92690003 0.11580000
-0.03693000 -0.92850000 -0.25680000
-0.15850000 -0.92690003 -0.02157000
-0.19430000 -0.96219999 0.16869999
-0.11280000 -0.95829999 0.22650000
-0.18390000 -0.92690003 0.11700000
-0.04227000 -0.92690003 0.15860000
-0.06739000 -0.95169997 -0.25459999
0.01234000 -0.92690003 -0.06143000
0.08749000 -0.96460003 -0.24310000
-0.19020000 -0.96560001 -0.04755000
0.03701000 -0.96560001 -0.20610000
0.01059000 -0.96560001 0.23260000
0.12690000 -0.92690003 -0.08411000
0.04243000 -0.92659998 -0.03168000
-0.25650001 -0.96230000 -0.05252000
0.06366000 -0.92690003 -0.21720000
0.22720000 -0.92680001 0.09642000
-0.13210000 -0.92690003 0.03745000
0.14270000 -0.96560001 -0.05812000
0.04230000 -0.96560001 -0.13210000
-0.01055000 -0.96560001 0.17970000
0.03173000 -0.92690003 -0.24840000
-0.15330000 -0.92690003 0.13740000
-0.04775000 -0.91829997 -0.02274000
0.14800000 -0.92690003 0.17440000
0.10040000 -0.92690003 0.18500000
-0.04755000 -0.92690003 0.10570000
-0.24510001 -0.92879999 -0.08931000
-0.26019999 -0.93199998 0.01531000
0.07400000 -0.92690003 -0.08983000
-0.08454000 -0.96560001 0.11100000
0.11630000 -0.92690003 -0.01584000
-0.09511000 -0.96560001 -0.16380000
0.10570000 -0.96560001 -0.13210000
-0.20610000 -0.96560001 -0.12150000
-0.03698000 -0.96560001 -0.06340000
-0.22720000 -0.92690003 0.06343000
-0.03698000 -0.96560001 0.21670000
0.23780000 -0.96560001 0.04230000
0.16380000 -0.92690003 0.11630000
0.12690000 -0.92690003 0.09030000
0.01058000 -0.92690003 0.13740000
-0.09512000 -0.92690003 0.02115000
-0.19550000 -0.92690003 0.04273000
0.25119999 -0.93190002 0.01025000
-0.08983000 -0.92690003 -0.01584000
-0.15790001 -0.94250000 0.19939999
0.02115000 -0.92690003 0.21670000
0.06344000 -0.96560001 0.04758000
0.11100000 -0.92690003 -0.22720000
0.20440000 -0.96130002 0.14180000
-0.05812000 -0.92690003 0.07356000
0.23130000 -0.92809999 -0.10050000
0.24800000 -0.95289999 -0.04291000
-0.21670000 -0.92690003 -0.09512000
0.16380000 -0.92690003 -0.03698000
-0.13210000 -0.92690003 -0.08939000
0.02115000 -0.92690003 -0.19020000
-0.16230001 -0.92900002 -0.20430000
0.12160000 -0.96560001 0.07929000
-0.02112000 -0.96560001 -0.10570000
0.20090000 -0.96560001 0.07929000
-0.07926000 -0.96560001 -0.10040000
-0.05283000 -0.96560001 -0.02112000
0.18500000 -0.92690003 0.09514000
-0.02641000 -0.96560001 -0.22720000
-0.16910000 -0.92690003 -0.12150000
0.22200000 -0.92690003 -0.03654000
-0.23250000 -0.92690003 -0.01628000
-0.03112000 -0.92690003 -0.16960000
-0.12560000 -0.92690003 0.19149999
-0.08947000 -0.92680001 -0.24230000
-0.09512000 -0.92690003 0.13210000
-0.22640000 -0.93720001 0.12690000
-0.18500000 -0.92690003 -0.00483100
0.24250001 -0.93900001 0.06542000
-0.02973000 -0.92690003 -0.12180000
0.19020000 -0.96560001 -0.16380000
0.14460000 -0.96249998 -0.21259999
-0.04569000 -0.92129999 0.01930000
0.16010000 -0.94430000 0.19120000
0.01059000 -0.96560001 -0.19550000
-0.02596000 -0.93720001 0.25029999
-0.10570000 -0.96560001 0.04230000
-0.12150000 -0.92690003 -0.02113000
-0.17970000 -0.96560001 0.02644000
-0.15850000 -0.96560001 0.16910000
-0.17440000 -0.92690003 -0.04755000
-0.13210000 -0.96560001 -0.07397000
0.10570000 -0.96560001 0.00001900
-0.21140000 -0.96560001 -0.00526600
0.06872000 -0.92690003 -0.11630000
-0.12150000 -0.96560001 -0.15850000
-0.11630000 -0.96560001 0.20090000
0.18500000 -0.92690003 0.06387000
0.15860000 -0.96560001 -0.00526600
-0.06869000 -0.96560001 -0.15320000
-0.17420000 -0.92690003 0.08942000
-0.02112000 -0.96560001 0.15330000
0.06343000 -0.92690003 0.07973000
0.05287000 -0.96560001 -0.15850000
0.20610000 -0.96560001 -0.06340000
-0.08983000 -0.92690003 -0.06341000
0.21770000 -0.95310003 -0.13390000
0.21140000 -0.92690003 0.04229000
-0.01055000 -0.96560001 0.05815000
0.19560000 -0.96560001 0.02116000
0.05815000 -0.96560001 0.00530400
0.01059000 -0.96560001 -0.03698000
0.09515000 -0.96560001 -0.07397000
0.04758000 -0.96560001 0.10040000
-0.13210000 -0.96560001 0.09515000
0.12690000 -0.92690003 -0.15809999
-0.17970000 -0.96560001 -0.11100000
-0.02641000 -0.96560001 0.11630000
0.21670000 -0.96560001 0.05815000
0.06872000 -0.96560001 0.21140000
0.12690000 -0.96560001 0.15860000
-0.12150000 -0.92690003 -0.18500000
-0.25659999 -0.96230000 0.04196000
-0.07888000 -0.92690003 0.21220000
-0.18410000 -0.96539998 -0.18400000
-0.23410000 -0.95700002 -0.11950000
-0.07854000 -0.92690003 -0.18979999
-0.17839999 -0.92690003 0.14390001
-0.23630001 -0.95829999 0.10510000
0.01940000 -0.91600001 0.03469000
0.04230000 -0.96560001 -0.23250000
0.16249999 -0.93150002 -0.19890000
-0.21450000 -0.93190002 -0.15160000
-0.21040000 -0.95829999 0.14770000
-0.22200000 -0.96560001 -0.08454000
0.02115000 -0.92690003 -0.13210000
0.12220000 -0.92690003 0.11730000
0.01059000 -0.92690003 -0.23250000
-0.09026000 -0.95310003 0.23630001
-0.14800000 -0.92690003 -0.14839999
-0.06868000 -0.92690003 0.13210000
0.01297000 -0.92690003 -0.08731000
-0.24850000 -0.93680000 0.07554000
0.10990000 -0.94779998 0.22450000
-0.09491000 -0.92690003 -0.12200000
0.17440000 -0.92690003 -0.06297000
-0.00724100 -0.92690003 0.18830000
0.11630000 -0.92690003 -0.19599999
0.13259999 -0.94250000 -0.22200000
0.10040000 -0.96560001 0.14270000
-0.15850000 -0.96560001 -0.14800000
-0.22200000 -0.92690003 -0.04227000
0.08986000 -0.92690003 0.12690000
0.08457000 -0.92690003 -0.20610000
0.07929000 -0.92690003 0.20610000
0.05815000 -0.96560001 -0.19550000
-0.06340000 -0.96560001 0.19030000
-0.23780000 -0.96560001 0.01587000
-0.10570000 -0.96560001 -0.04755000
-0.08454000 -0.96560001 -0.06869000
-0.07397000 -0.96560001 0.08986000
0.04230000 -0.96560001 0.05815000
0.14270000 -0.92690003 0.01102000
0.08987000 -0.92690003 0.03658000
-0.13210000 -0.96560001 -0.13740000
0.12690000 -0.96560001 0.18500000
0.07929000 -0.92690003 0.00001300
0.06785000 -0.94779998 -0.25170001
-0.10570000 -0.92690003 0.20610000
-0.07926000 -0.96560001 -0.22720000
-0.19020000 -0.96560001 -0.15850000
0.19120000 -0.92690003 0.14880000
-0.10040000 -0.92690003 0.06343000
0.18619999 -0.92690003 -0.16779999
-0.04755000 -0.96560001 -0.23780000
0.14800000 -0.92690003 -0.06869000
-0.20610000 -0.92690003 -0.11580000
0.04151000 -0.92690003 0.17110001
0.23060000 -0.95310003 0.09432000
0.24680001 -0.96550000 0.02095000
0.05809000 -0.92690003 0.13280000
0.05286000 -0.92690003 0.05859000
-0.04228000 -0.95310003 0.24760000
0.01587000 -0.96560001 -0.24310000
-0.19550000 -0.96560001 0.13210000
0.09514000 -0.92690003 0.07400000
0.14270000 -0.92690003 -0.10570000
0.05815000 -0.96560001 0.23260000
-0.25279999 -0.95349997 -0.07437000
0.19030000 -0.96560001 -0.12150000
0.20610000 -0.96560001 -0.09511000
0.03701000 -0.96560001 0.17440000
0.01587000 -0.96560001 0.16390000
0.05815000 -0.96560001 0.16390000
-0.03698000 -0.96560001 0.13740000
-0.03170000 -0.92690003 -0.21140000
-0.04226000 -0.96560001 0.10040000
-0.02641000 -0.96560001 0.19560000
-0.20610000 -0.96560001 0.06872000
0.01587000 -0.96560001 -0.08454000
0.00245200 -0.92690003 -0.21160001
-0.14800000 -0.92690003 0.07929000
-0.12150000 -0.96560001 0.02644000
0.08986000 -0.92690003 -0.15850000
0.07401000 -0.96560001 -0.17970000
0.08987000 -0.96560001 -0.11630000
-0.14270000 -0.96560001 0.15330000
0.02054000 -0.95310003 0.24930000
-0.06822000 -0.92690003 0.09523000
-0.09511000 -0.92690003 -0.14839999
-0.03197000 -0.92690003 0.09004000
0.05815000 -0.92690003 -0.04711000
-0.25920001 -0.95349997 -0.03251000
-0.15850000 -0.92690003 -0.10080000
0.23260000 -0.92690003 0.02075000
-0.19949999 -0.92879999 -0.16800000
0.18160000 -0.92690003 0.12909999
-0.24310000 -0.96560001 -0.01055000
-0.03418000 -0.92680001 -0.05073000
0.12690000 -0.92690003 0.18009999
0.10040000 -0.96560001 0.20610000
0.20090000 -0.96560001 0.11630000
-0.21140000 -0.96560001 -0.04226000
-0.00526600 -0.96560001 -0.15320000
-0.10040000 -0.92690003 0.16380000
0.16390000 -0.96560001 -0.06340000
0.09514000 -0.92690003 0.16380000
0.13740000 -0.96560001 -0.11100000
-0.05812000 -0.96560001 -0.11100000
-0.08455000 -0.92690003 -0.09512000
-0.16380000 -0.96560001 -0.06340000
0.06344000 -0.96560001 -0.23780000
-0.03169000 -0.96560001 -0.16910000
-0.03170000 -0.92690003 0.19030000
-0.01584000 -0.96560001 0.01587000
0.11100000 -0.96560001 -0.02112000
0.01587000 -0.96560001 -0.01055000
-0.10570000 -0.96560001 -0.00526600
-0.00526600 -0.96560001 0.10570000
-0.00526600 -0.96560001 -0.05812000
0.07401000 -0.96560001 -0.03169000
-0.07398000 -0.92690003 0.03216000
0.03701000 -0.96560001 -0.07926000
0.14270000 -0.92690003 0.10530000
-0.18500000 -0.96560001 -0.02641000
0.15860000 -0.92690003 0.02644000
0.07929000 -0.92690003 0.17970000
0.01059000 -0.96560001 0.07929000
0.16910000 -0.92690003 0.14800000
-0.08983000 -0.96560001 0.19030000
0.17970000 -0.96560001 0.07401000
0.14270000 -0.92690003 0.05330000
-0.20610000 -0.92690003 -0.01012000
0.00530400 -0.96560001 -0.10570000
0.09514000 -0.92690003 -0.13740000
-0.01584000 -0.96560001 0.22200000
-0.20080000 -0.96560001 0.02116000
-0.16910000 -0.96560001 0.05815000
0.20090000 -0.96560001 -0.03698000
-0.12150000 -0.96560001 0.13740000
0.11100000 -0.96560001 -0.15320000
-0.13720000 -0.92690003 -0.20130000
-0.19550000 -0.92690003 0.01631000
0.23320000 -0.95310003 -0.09751000
0.00093200 -0.92690003 -0.16159999
-0.17870000 -0.96240002 0.18330000
-0.18500000 -0.92690003 0.06387000
-0.09511000 -0.96560001 -0.18500000
0.05815000 -0.96560001 -0.21670000
-0.16380000 -0.96560001 0.00001900
-0.15850000 -0.96560001 0.19030000
-0.16910000 -0.92690003 -0.14270000
0.01058000 -0.92690003 0.15860000
-0.15850000 -0.96560001 0.02644000
-0.07019000 -0.92890000 0.24420001
0.09515000 -0.92690003 -0.03742000
0.11630000 -0.96560001 -0.04755000
-0.00526600 -0.96560001 0.03701000
0.14190000 -0.96550000 0.19990000
0.14270000 -0.96560001 -0.03698000
-0.05283000 -0.96560001 0.07929000
-0.05812000 -0.96560001 0.21670000
0.22200000 -0.92690003 -0.05768000
-0.10040000 -0.92690003 0.04229000
0.18500000 -0.92690003 0.00045400
0.13210000 -0.96560001 0.01587000
-0.00527000 -0.92690003 -0.07310000
0.20610000 -0.92690003 0.02071000
0.10040000 -0.96560001 -0.20610000
-0.18500000 -0.96560001 0.07929000
-0.15330000 -0.92690003 0.02115000
0.13210000 -0.96560001 -0.16910000
-0.13740000 -0.96560001 -0.02641000
-0.12680000 -0.96560001 -0.04755000
-0.06869000 -0.96560001 -0.20080000
-0.05804000 -0.92690003 0.05247000
-0.02113000 -0.92690003 0.23260000
-0.10820000 -0.93540001 -0.23880000
-0.22149999 -0.92690003 0.10720000
0.05433000 -0.92690003 -0.13140000
-0.12680000 -0.94290000 -0.23109999
-0.00340600 -0.92690003 -0.11400000
0.23780000 -0.92690003 -0.00570900
-0.16380000 -0.96560001 -0.17970000
-0.01033000 -0.92690003 0.06415000
-0.02985000 -0.92690003 -0.10090000
0.02105000 -0.92690003 0.08559000
-0.25770000 -0.96499997 0.02161000
-0.01982000 -0.92690003 0.13920000
0.05411000 -0.92690003 -0.08411000
0.06343000 -0.92690003 0.01631000
-0.20080000 -0.92690003 0.10570000
-0.19670001 -0.94250000 0.16550000
-0.01028000 -0.94779998 -0.26210001
-0.00522600 -0.95829999 0.25279999
-0.17970000 -0.92690003 -0.16910000
0.22149999 -0.93550003 0.11710000
0.01913000 -0.93720001 -0.25970000
0.06872000 -0.92690003 -0.23780000
-0.06341000 -0.92690003 -0.07926000
0.17739999 -0.95420003 0.17760000
0.08732000 -0.94389999 0.23360001
0.02115000 -0.92690003 -0.16910000
0.11100000 -0.92690003 0.04229000
-0.05812000 -0.92690003 -0.17919999
0.22840001 -0.92690003 0.05938000
-0.08556000 -0.94950002 -0.24820000
0.14270000 -0.92690003 -0.02641000
-0.10020000 -0.92690003 -0.07971000
0.09518000 -0.92690003 -0.01096000
-0.02631000 -0.92690003 -0.06834000
0.21130000 -0.94430000 0.13280000
-0.16380000 -0.92690003 -0.06385000
-0.14800000 -0.96560001 -0.19550000
-0.24220000 -0.96530002 0.08421000
0.05236000 -0.93720001 -0.25529999
-0.13560000 -0.92690003 0.17100000
-0.10570000 -0.96560001 0.10040000
-0.11630000 -0.92690003 -0.20610000
0.08458000 -0.96560001 -0.15320000
0.17970000 -0.96560001 0.00530400
-0.09511000 -0.96560001 0.14800000
-0.10570000 -0.96560001 -0.21670000
-0.05812000 -0.96560001 -0.13210000
0.01587000 -0.96560001 -0.16380000
-0.09512000 -0.92690003 -0.17440000
-0.20610000 -0.96560001 -0.06340000
-0.03698000 -0.96560001 -0.11630000
0.03701000 -0.92690003 0.19560000
0.07401000 -0.96560001 0.10040000
0.04758000 -0.92690003 -0.23780000
-0.09511000 -0.96560001 -0.11100000
0.04758000 -0.96560001 0.13740000
0.03173000 -0.96560001 0.11100000
0.14800000 -0.96560001 0.05287000
0.08458000 -0.96560001 -0.08983000
0.09515000 -0.96560001 0.04230000
-0.08454000 -0.96560001 -0.03169000
0.03701000 -0.96560001 -0.04226000
-0.08983000 -0.96560001 0.05815000
-0.15320000 -0.96560001 0.13740000
-0.00526600 -0.96560001 -0.01584000
0.10570000 -0.96560001 0.10040000
-0.02641000 -0.96560001 -0.00526600
-0.11100000 -0.96560001 -0.17440000
0.03173000 -0.96560001 0.21140000
-0.02112000 -0.96560001 -0.14270000
0.13210000 -0.96560001 0.06344000
-0.01584000 -0.96560001 -0.21140000
-0.01055000 -0.96560001 -0.12150000
0.22730000 -0.96560001 -0.00526600
0.05402000 -0.92690003 0.18539999
-0.11190000 -0.95480001 -0.23729999
0.20100001 -0.92690003 0.08453000
-0.02112000 -0.96560001 -0.24840000
0.10150000 -0.95310003 -0.23780000
-0.14800000 -0.92690003 0.19560000
-0.14270000 -0.92690003 -0.00483100
0.07929000 -0.92690003 -0.04755000
0.20410000 -0.96499997 -0.15120000
0.11100000 -0.92690003 0.20080000
-0.17410000 -0.92680001 -0.18990000
0.19560000 -0.92690003 0.11060000
0.21670000 -0.96560001 0.09515000
-0.11100000 -0.92690003 0.07885000
-0.13210000 -0.92690003 0.14270000
-0.11100000 -0.92690003 -0.00571200
-0.14270000 -0.92690003 -0.03126000
-0.07732000 -0.92690003 -0.22229999
0.12350000 -0.92909998 0.21780001
-0.03382000 -0.92129999 0.03344000
0.01588000 -0.92690003 -0.11100000
0.17700000 -0.93229997 -0.18760000
0.23520000 -0.93720001 0.08353000
0.02752000 -0.92690003 -0.07315000
0.24490000 -0.95800000 0.05735000
-0.23780000 -0.92690003 0.04185000
0.04229000 -0.92690003 0.22200000
-0.22720000 -0.96560001 0.07401000
0.24519999 -0.95310003 -0.06297000
-0.04735000 -0.94779998 -0.25720000
-0.13090000 -0.92690003 -0.16910000
-0.21670000 -0.92690003 0.08986000
0.16310000 -0.96550000 0.18390000
-0.04755000 -0.92690003 -0.12150000
0.10470000 -0.96480000 0.22490001
-0.24270000 -0.92690003 0.01210000
0.19110000 -0.94959998 0.16000000
0.02261000 -0.96240002 -0.25909999
-0.06219000 -0.92690003 0.21789999
0.21140000 -0.92690003 -0.01628000
0.01772000 -0.92690003 0.05772000
0.00529900 -0.92690003 0.20039999
-0.06216000 -0.92690003 0.18089999
-0.16060001 -0.94599998 -0.20760000
-0.05607000 -0.96490002 -0.25500000
-0.22700000 -0.92690003 -0.11070000
0.12160000 -0.92690003 0.00045400
-0.12150000 -0.92690003 0.05243000
-0.08393000 -0.92690003 -0.20649999
0.25009999 -0.95310003 -0.02594000
0.20090000 -0.92690003 -0.04266000
0.16910000 -0.92690003 -0.15809999
-0.17960000 -0.92690003 0.03682000
-0.16380000 -0.92690003 -0.08473000
-0.06869000 -0.92690003 -0.12110000
-0.12150000 -0.92690003 -0.13210000
-0.23250000 -0.92690003 -0.07131000
0.05815000 -0.92690003 -0.02069000
0.23800001 -0.92690003 -0.04182000
0.25130001 -0.96249998 0.00499500
0.08457000 -0.92690003 0.09999000
-0.05806000 -0.92690003 -0.03650000
-0.17970000 -0.96560001 0.11630000
-0.17970000 -0.96560001 0.15860000
-0.11100000 -0.96560001 0.18500000
-0.21140000 -0.92690003 0.03744000
0.08986000 -0.92690003 -0.19020000
0.02644000 -0.92690003 0.23260000
-0.21140000 -0.92690003 0.01102000
-0.17440000 -0.96560001 -0.08983000
-0.04226000 -0.96560001 0.15330000
-0.03699000 -0.92690003 0.14270000
-0.11100000 -0.96560001 -0.13740000
-0.11100000 -0.92690003 0.13740000
0.01587000 -0.96560001 0.14270000
-0.23780000 -0.96560001 -0.04755000
0.17970000 -0.96560001 -0.10040000
-0.15320000 -0.96560001 0.09515000
0.11100000 -0.96560001 -0.08454000
0.15860000 -0.96560001 -0.07926000
-0.02112000 -0.96560001 -0.19550000
-0.10040000 -0.96560001 0.21670000
-0.20090000 -0.92690003 -0.08414000
-0.06869000 -0.96560001 -0.08454000
0.13740000 -0.96560001 -0.02112000
0.17970000 -0.92690003 -0.01540000
0.03833000 -0.92690003 -0.16960000
-0.05283000 -0.96560001 0.02116000
-0.07397000 -0.96560001 0.00530400
0.02116000 -0.96560001 0.00530400
0.17440000 -0.96560001 -0.01584000
0.18500000 -0.96560001 0.08986000
0.11630000 -0.96560001 0.03173000
0.04230000 -0.96560001 0.22730000
-0.20610000 -0.96560001 -0.02641000
-0.00526600 -0.96560001 0.08458000
-0.05812000 -0.96560001 0.04230000
0.09515000 -0.96560001 -0.02641000
-0.08454000 -0.96560001 0.03173000
0.06872000 -0.92690003 -0.07398000
0.01059000 -0.96560001 -0.06340000
-0.03698000 -0.96560001 -0.09511000
0.11100000 -0.96560001 0.06344000
-0.06869000 -0.96560001 -0.06340000
-0.21140000 -0.96560001 0.10570000
0.03695000 -0.94250000 0.24740000
0.08458000 -0.96560001 0.18500000
0.14270000 -0.96560001 -0.19550000
0.13740000 -0.96560001 0.13740000
-0.17440000 -0.96560001 -0.15320000
-0.12150000 -0.92690003 -0.10570000
-0.14800000 -0.92690003 0.12160000
0.16390000 -0.96560001 0.11630000
0.15860000 -0.96560001 -0.13210000
-0.13210000 -0.96560001 0.12160000
0.14800000 -0.92690003 -0.12150000
0.10570000 -0.96560001 0.12690000
0.08457000 -0.92690003 0.14270000
-0.12150000 -0.96560001 -0.01055000
0.18330000 -0.96230000 -0.17860000
-0.04226000 -0.96560001 0.20090000
-0.07397000 -0.96560001 -0.13740000
-0.08983000 -0.96560001 -0.14800000
0.09515000 -0.96560001 0.16390000
0.11100000 -0.92690003 -0.07926000
0.16910000 -0.92690003 0.06872000
0.17970000 -0.92690003 0.04273000
-0.01031000 -0.94250000 0.25180000
-0.25569999 -0.92850000 -0.04744000
0.20750000 -0.92850000 -0.14810000
-0.12740000 -0.95310003 0.22080000
0.15730000 -0.92839998 0.18810000
0.25260001 -0.93720001 -0.00522000
0.00654600 -0.92690003 -0.24840000
0.17140000 -0.93409997 0.18170001
0.08986000 -0.92690003 -0.07398000
0.07929000 -0.92690003 -0.22200000
0.11630000 -0.92690003 0.01587000
-0.19550000 -0.92690003 -0.09952000
-0.20610000 -0.92690003 -0.13210000
0.22420000 -0.93720001 -0.12030000
-0.20610000 -0.96560001 -0.14270000
0.05694000 -0.93279999 0.24460000
0.12280000 -0.92690003 -0.21080001
-0.00526400 -0.92690003 0.11060000
-0.16890000 -0.92690003 -0.00572100
-0.01480000 -0.92690003 -0.24349999
0.23260000 -0.92690003 -0.08455000
-0.14600000 -0.93730003 0.20870000
0.16380000 -0.92690003 0.16380000
-0.06732000 -0.93580002 -0.25459999
-0.21670000 -0.96560001 0.02116000
-0.19020000 -0.92690003 -0.06825000
-0.09512000 -0.92690003 0.14800000
0.13210000 -0.96560001 -0.13210000
0.20610000 -0.96560001 -0.11100000
-0.18449999 -0.92690003 -0.12540001
-0.09512000 -0.92690003 0.07929000
-0.11100000 -0.92690003 0.18500000
0.04026000 -0.92690003 0.10720000
-0.06341000 -0.92690003 -0.14219999
-0.13210000 -0.96560001 -0.08983000
0.07929000 -0.96560001 0.04230000
-0.22200000 -0.96560001 -0.10040000
-0.18500000 -0.92690003 -0.02069000
-0.07398000 -0.92690003 -0.06297000
-0.06340000 -0.92690003 -0.19509999
0.00530400 -0.96560001 0.17970000
-0.09512000 -0.92690003 0.00529800
0.12160000 -0.92690003 0.07444000
-0.02112000 -0.96560001 0.07401000
-0.20610000 -0.92690003 -0.05240000
-0.10570000 -0.96560001 -0.09511000
-0.10570000 -0.96560001 0.05815000
0.06344000 -0.96560001 -0.06869000
-0.16910000 -0.96560001 0.04230000
0.20610000 -0.96560001 -0.07926000
0.08987000 -0.96560001 0.12690000
0.04152000 -0.92129999 -0.01043000
-0.02588000 -0.92690003 -0.18529999
-0.20080000 -0.92690003 0.06343000
0.03172000 -0.92690003 -0.23250000
0.07401000 -0.96560001 -0.11630000
-0.23630001 -0.94250000 0.10510000
0.03173000 -0.96560001 -0.19020000
0.11630000 -0.96560001 0.01587000
0.01587000 -0.96560001 0.21670000
-0.21040000 -0.94250000 0.14770000
0.17440000 -0.96560001 0.02644000
-0.12150000 -0.96560001 0.04230000
0.01059000 -0.96560001 -0.17970000
0.13210000 -0.96560001 0.03173000
0.15360001 -0.94250000 -0.20590000
-0.14270000 -0.94950002 -0.22139999
-0.05264000 -0.92879999 -0.25540000
-0.14260000 -0.96560001 -0.21130000
-0.08122000 -0.96460003 -0.24930000
0.00002100 -0.92690003 0.22679999
-0.17010000 -0.93720001 0.19050001
-0.02040000 -0.92690003 0.10070000
0.17990001 -0.92690003 0.11160000
0.04294000 -0.92690003 0.07913000
0.20460001 -0.93129998 0.14190000
0.14780000 -0.92690003 -0.04729000
0.21140000 -0.96560001 -0.12680000
0.03705000 -0.92519999 0.02633000
-0.16910000 -0.92690003 0.17440000
0.12030000 -0.94779998 -0.23000000
0.08841000 -0.92879999 0.23000000
0.03998000 -0.92690003 -0.13730000
-0.24779999 -0.92680001 -0.07374000
-0.26240000 -0.94779998 -0.00521400
-0.05424000 -0.92510003 -0.01049000
-0.24020000 -0.93220001 -0.10470000
0.24310000 -0.96560001 -0.03169000
0.24590001 -0.94250000 0.04722000
-0.22319999 -0.92799997 -0.13900000
0.07267000 -0.96490002 0.23870000
-0.18840000 -0.92690003 0.15549999
-0.13740000 -0.92690003 0.01631000
0.13210000 -0.92690003 -0.01540000
0.14790000 -0.94599998 0.20020001
-0.19610000 -0.96120000 -0.17560001
0.00491400 -0.94779998 -0.26159999
0.21089999 -0.94250000 -0.14270000
-0.24820000 -0.94430000 -0.08556000
-0.04669000 -0.92690003 0.03916000
0.05241000 -0.92690003 -0.17510000
-0.21670000 -0.92690003 0.12160000
0.18500000 -0.92690003 -0.15279999
0.11630000 -0.96560001 0.14800000
0.02043000 -0.92510003 -0.04808000
0.15650000 -0.96210003 -0.20350000
-0.09512000 -0.92690003 0.21670000
-0.00526600 -0.96560001 0.23260000
-0.12680000 -0.96560001 0.01059000
-0.05283000 -0.96560001 0.11100000
0.05815000 -0.96560001 0.14800000
0.20610000 -0.96560001 0.04758000
-0.06869000 -0.96560001 0.22730000
-0.17440000 -0.96560001 -0.01584000
-0.23780000 -0.96560001 0.04758000
-0.14800000 -0.96560001 -0.01584000
0.10040000 -0.92690003 0.05286000
-0.05283000 -0.96560001 0.16910000
-0.20080000 -0.96560001 0.00530400
-0.07397000 -0.96560001 0.17970000
0.22350000 -0.95310003 -0.12010000
0.21140000 -0.96560001 0.00530400
-0.01989000 -0.92690003 0.08095000
0.10570000 -0.96560001 -0.17970000
-0.00526600 -0.96560001 -0.04226000
-0.11630000 -0.96560001 0.08986000
0.11100000 -0.92690003 -0.09556000
0.07401000 -0.96560001 0.06872000
0.02644000 -0.96560001 -0.02641000
0.04758000 -0.96560001 -0.03169000
0.00001900 -0.96560001 -0.08983000
-0.08983000 -0.96560001 0.00530400
0.08987000 -0.96560001 -0.19550000
0.24620000 -0.93720001 -0.05783000
0.20080000 -0.92690003 -0.13210000
0.11100000 -0.96560001 0.19560000
0.13740000 -0.92690003 0.16390000
-0.16380000 -0.92690003 0.11630000
-0.03850000 -0.91939998 -0.03852000
0.16910000 -0.92690003 0.09514000
-0.14800000 -0.96560001 0.06872000
0.03173000 -0.96560001 0.23780000
0.04230000 -0.96560001 -0.14800000
-0.00526600 -0.96560001 -0.23250000
-0.03698000 -0.96560001 -0.21670000
-0.08455000 -0.92690003 0.12160000
0.17440000 -0.96560001 -0.07397000
-0.14270000 -0.96560001 0.10570000
0.23590000 -0.96480000 -0.08871000
0.01058000 -0.92690003 0.10570000
0.14880000 -0.92659998 -0.19480000
-0.03170000 -0.92690003 -0.24310000
-0.14890000 -0.95310003 0.20630001
0.22409999 -0.92680001 0.08204000
-0.01368000 -0.92650002 0.04895000
0.14800000 -0.92690003 0.07440000
0.18500000 -0.92690003 -0.08411000
0.16910000 -0.92690003 -0.00527200
-0.04755000 -0.92690003 0.17970000
0.06343000 -0.92690003 -0.09996000
0.09004000 -0.92690003 0.02089000
-0.00010600 -0.92510003 -0.05408000
-0.04625000 -0.92690003 0.06514000
-0.25670001 -0.94779998 0.04196000
0.01118000 -0.92690003 -0.17970000
0.21840000 -0.95480001 0.12390000
-0.02513000 -0.92690003 -0.13820000
0.05303000 -0.92690003 0.16249999
-0.04751000 -0.96560001 0.24280000
0.01587000 -0.92690003 -0.21670000
-0.20760000 -0.94069999 -0.16060001
0.07400000 -0.92690003 0.08942000
-0.17440000 -0.92690003 0.15860000
-0.01546000 -0.96249998 -0.26120001
-0.02277000 -0.92690003 0.15780000
-0.21870001 -0.92850000 0.13630000
-0.01529000 -0.92460001 -0.05348000
-0.18750000 -0.95310003 0.17720000
-0.17560001 -0.95660001 -0.19610000
0.03249000 -0.92690003 0.09536000
-0.24820000 -0.96550000 -0.06861000
-0.03393000 -0.96450001 0.24879999
-0.06340000 -0.96560001 -0.24310000
0.24789999 -0.94080001 0.03326000
0.11100000 -0.96560001 -0.21670000
0.23780000 -0.96560001 0.00530400
-0.20389999 -0.96499997 -0.16190000
-0.25970000 -0.93390000 -0.02843000
0.19560000 -0.96560001 0.13210000
0.24800000 -0.95480001 0.02952000
-0.19419999 -0.92809999 0.16779999
0.13200000 -0.92799997 -0.22080000
-0.06341000 -0.92690003 0.23260000
-0.00694100 -0.92940003 0.25209999
-0.01403000 -0.92690003 -0.17530000
0.20250000 -0.94430000 0.14489999
-0.03859000 -0.92690003 0.07830000
0.07929000 -0.96560001 -0.23250000
-0.08983000 -0.92690003 -0.22720000
-0.10110000 -0.96249998 0.23150000
0.10680000 -0.96490002 -0.23450001
-0.08279000 -0.94250000 0.23899999
0.05353000 -0.92690003 0.11500000
0.02064000 -0.92790002 0.24640000
-0.24220000 -0.92680001 0.08421000
0.24879999 -0.94230002 -0.03520000
0.00534400 -0.92690003 -0.14929999
-0.10120000 -0.94779998 0.23170000
-0.23250000 -0.92690003 -0.08689000
-0.09732000 -0.94069999 -0.24330001
0.04617000 -0.92690003 -0.10910000
0.24079999 -0.94250000 -0.07834000
-0.22960000 -0.96230000 -0.13030000
0.01552000 -0.96490002 0.24940000
-0.18700001 -0.95130002 -0.18700001
-0.12650000 -0.92710000 -0.22650000
0.14180000 -0.94779998 -0.21500000
-0.23580000 -0.93720001 -0.11550000
0.00377700 -0.92690003 -0.19000000
-0.11620000 -0.96560001 0.21670000
0.01038000 -0.92690003 0.07876000
-0.21140000 -0.96560001 0.13740000
0.10950000 -0.93720001 -0.23440000
0.23420000 -0.92699999 0.07062000
-0.24529999 -0.95310003 0.08323000
-0.23250000 -0.92690003 0.00485800
-0.07810000 -0.92720002 -0.24750000
-0.15850000 -0.92690003 -0.17440000
0.15080000 -0.93300003 0.19769999
-0.05284000 -0.92690003 -0.24310000
-0.02517000 -0.92690003 -0.08939000
0.20660000 -0.95310003 -0.14910001
-0.05853000 -0.93260002 0.24580000
-0.13640000 -0.92690003 -0.15260001
-0.25409999 -0.93169999 0.06010000
0.16260000 -0.94730002 -0.19900000
-0.00403500 -0.92690003 0.17520000
0.12710001 -0.94069999 0.21650000
-0.12680000 -0.92690003 0.13169999
-0.20610000 -0.92690003 0.02644000
-0.01549000 -0.92710000 0.24370000
0.15330000 -0.92690003 0.06343000
-0.12120000 -0.92680001 0.22120000
-0.12680000 -0.95880002 -0.23109999
0.03172000 -0.92690003 -0.17970000
-0.03682000 -0.92690003 -0.14820001
-0.20370001 -0.94730002 0.15650000
0.23260000 -0.92690003 -0.06341000
-0.15330000 -0.92690003 -0.01056000
0.17440000 -0.92690003 -0.03126000
-0.19020000 -0.92690003 0.08501000
-0.19550000 -0.92690003 -0.15680000
-0.25729999 -0.93190002 0.03678000
0.02115000 -0.92690003 -0.15330000
-0.10040000 -0.92690003 -0.02156000
-0.15310000 -0.92690003 -0.03725000
0.11100000 -0.92690003 0.12160000
-0.21670000 -0.92690003 0.06916000
-0.02056000 -0.92690003 0.21250001
0.04013000 -0.92690003 0.13600001
0.12210000 -0.92690003 0.14370000
0.18359999 -0.93720001 -0.17900001
-0.23800001 -0.92690003 0.06839000
-0.16360000 -0.92809999 0.19450000
0.10590000 -0.92690003 -0.05310000
0.04345000 -0.92690003 0.05137000
0.22730000 -0.96560001 -0.06869000
0.13210000 -0.92690003 -0.19509999
-0.11100000 -0.92690003 -0.22200000
-0.22200000 -0.96560001 0.11100000
-0.11630000 -0.92690003 0.20080000
-0.21140000 -0.96560001 -0.13210000
-0.14800000 -0.92690003 0.14800000
-0.19550000 -0.96560001 -0.13740000
0.14270000 -0.92690003 -0.13210000
-0.15850000 -0.96560001 0.14800000
0.12160000 -0.92690003 -0.12110000
-0.05283000 -0.96560001 0.22730000
-0.17970000 -0.96560001 0.06344000
0.15330000 -0.96560001 -0.05283000
-0.04755000 -0.96560001 0.19030000
0.14270000 -0.96560001 0.02644000
0.21140000 -0.96560001 0.02116000
-0.03698000 -0.96560001 -0.15850000
-0.03169000 -0.96560001 0.22730000
0.00530400 -0.96560001 -0.20610000
0.17440000 -0.92690003 0.00573900
-0.00526600 -0.96560001 -0.18500000
-0.20080000 -0.96560001 -0.01055000
-0.07926000 -0.96560001 0.15330000
0.01587000 -0.92690003 0.17440000
-0.02641000 -0.96560001 -0.17970000
-0.16910000 -0.92690003 -0.02685000
-0.22200000 -0.92690003 0.03216000
0.01059000 -0.96560001 0.15330000
-0.22720000 -0.96560001 0.01059000
0.03701000 -0.96560001 -0.11100000
-0.15850000 -0.96560001 0.04758000
-0.04227000 -0.92690003 0.11630000
0.06873000 -0.92690003 -0.15330000
-0.09511000 -0.96560001 -0.04226000
-0.01584000 -0.96560001 -0.09511000
-0.09511000 -0.96560001 -0.08983000
-0.10570000 -0.92690003 -0.16910000
-0.01584000 -0.96560001 -0.15850000
-0.01584000 -0.96560001 -0.23780000
0.19030000 -0.96560001 -0.01584000
0.10040000 -0.96560001 0.01059000
0.10040000 -0.92690003 -0.02157000
0.16390000 -0.96560001 0.07929000
-0.13740000 -0.92690003 -0.07882000
0.19030000 -0.92690003 -0.06341000
-0.07397000 -0.96560001 0.21670000
-0.22720000 -0.96560001 -0.02112000
0.02644000 -0.96560001 0.15860000
-0.13210000 -0.96560001 -0.01584000
0.11630000 -0.96560001 -0.01055000
0.04230000 -0.96560001 0.19560000
-0.16380000 -0.96560001 0.01587000
0.03173000 -0.96560001 -0.22720000
-0.04227000 -0.92690003 -0.21670000
-0.19550000 -0.96560001 -0.05812000
0.10570000 -0.96560001 0.05287000
0.11100000 -0.96560001 -0.05812000
0.02116000 -0.96560001 0.11630000
-0.13740000 -0.92690003 0.04802000
-0.04755000 -0.96560001 0.14270000
0.21670000 -0.96560001 -0.05283000
-0.24840000 -0.96560001 -0.02112000
-0.12680000 -0.92690003 -0.03170000
0.06344000 -0.96560001 0.18500000
-0.16910000 -0.96560001 -0.05283000
-0.05812000 -0.96560001 -0.19550000
0.19030000 -0.96560001 0.01059000
-0.13740000 -0.92690003 -0.02069000
-0.02641000 -0.96560001 0.14270000
0.08458000 -0.96560001 0.15330000
-0.11100000 -0.96560001 0.07929000
0.17440000 -0.96560001 -0.08983000
0.08458000 -0.96560001 -0.13740000
0.07929000 -0.92690003 -0.19550000
0.04229000 -0.92690003 -0.22720000
-0.07397000 -0.96560001 -0.23780000
0.19030000 -0.96560001 -0.09511000
-0.21670000 -0.96560001 -0.03169000
0.04229000 -0.92690003 -0.21140000
-0.07926000 -0.96560001 -0.15850000
0.12690000 -0.92690003 0.04802000
-0.16910000 -0.96560001 -0.10040000
-0.03169000 -0.96560001 0.10570000
0.11630000 -0.96560001 -0.09511000
-0.02112000 -0.96560001 -0.01584000
0.16380000 -0.92690003 -0.01584000
-0.25700000 -0.96480000 -0.03519000
-0.04755000 -0.96560001 -0.06869000
0.05815000 -0.96560001 0.05815000
-0.04226000 -0.96560001 -0.02641000
-0.06340000 -0.96560001 0.01587000
0.02644000 -0.96560001 -0.07397000
-0.02641000 -0.96560001 -0.03698000
-0.09511000 -0.96560001 0.08458000
-0.08454000 -0.96560001 0.06872000
0.08458000 -0.96560001 -0.02112000
-0.09511000 -0.96560001 -0.06340000
-0.08455000 -0.92690003 0.02644000
0.08458000 -0.96560001 -0.03698000
0.06343000 -0.92690003 0.05330000
-0.01584000 -0.96560001 -0.06340000
0.00001900 -0.96560001 0.04758000
0.06872000 -0.96560001 -0.00526600
-0.01055000 -0.96560001 0.02644000
-0.07926000 -0.92690003 0.00045400
0.06344000 -0.96560001 0.01587000
-0.01055000 -0.96560001 0.00530400
0.08458000 -0.96560001 -0.06869000
0.04758000 -0.96560001 -0.05283000
-0.06340000 -0.96560001 -0.09511000
-0.09512000 -0.92690003 0.05286000
-0.07926000 -0.92690003 -0.03126000
-0.04755000 -0.96560001 -0.10040000
0.01059000 -0.96560001 -0.09511000
-0.06340000 -0.96560001 -0.05283000
0.07401000 -0.96560001 -0.07397000
0.00530400 -0.96560001 0.05815000
-0.06341000 -0.92690003 0.06299000
0.00530100 -0.92690003 0.08942000
0.13740000 -0.92690003 -0.11630000
0.16910000 -0.96560001 0.10570000
0.21140000 -0.96560001 0.10570000
0.19499999 -0.96560001 0.14749999
0.03701000 -0.96560001 0.09515000
0.08458000 -0.96560001 0.09515000
0.00001900 -0.96560001 0.09515000
0.09515000 -0.96560001 -0.00526600
0.10570000 -0.96560001 -0.03169000
0.11720000 -0.95660001 0.22160000
-0.04742000 -0.94250000 0.24740000
-0.03698000 -0.92690003 0.23260000
-0.15320000 -0.96560001 -0.02641000
0.16380000 -0.92690003 0.01587000
0.23260000 -0.96560001 0.05287000
0.12690000 -0.92690003 -0.03654000
0.15330000 -0.92690003 -0.05769000
0.10570000 -0.96560001 0.16910000
0.12690000 -0.96560001 0.14270000
-0.19550000 -0.96560001 0.10570000
-0.14270000 -0.96560001 -0.18500000
-0.12680000 -0.92690003 -0.19550000
0.11100000 -0.96560001 0.13740000
-0.13740000 -0.96560001 -0.12150000
0.15330000 -0.92690003 0.11100000
-0.15850000 -0.96560001 -0.19020000
-0.11100000 -0.96560001 -0.15320000
-0.15850000 -0.96560001 0.12690000
-0.10040000 -0.96560001 -0.12150000
-0.08983000 -0.96560001 0.17440000
0.07401000 -0.96560001 0.20090000
-0.18500000 -0.92690003 0.04802000
-0.11100000 -0.96560001 0.03173000
-0.05284000 -0.92690003 0.22730000
0.21140000 -0.96560001 0.08458000
-0.19550000 -0.96560001 0.08458000
0.00001900 -0.96560001 0.12160000
0.12160000 -0.96560001 0.00001900
0.00001700 -0.96560001 0.24310000
0.10040000 -0.92690003 -0.15330000
-0.10040000 -0.92690003 0.22720000
-0.10040000 -0.92690003 0.12160000
0.09515000 -0.96560001 -0.12680000
-0.12680000 -0.96560001 -0.03169000
0.04758000 -0.96560001 0.23780000
-0.07397000 -0.96560001 0.23780000
-0.19020000 -0.96560001 0.06872000
-0.02075000 -0.94779998 0.25080001
-0.19090000 -0.92799997 -0.18070000
-0.14270000 -0.92690003 -0.21190000
0.11270000 -0.92949998 0.22239999
-0.22139999 -0.93900001 -0.14270000
-0.15330000 -0.92690003 -0.09027000
0.20610000 -0.92690003 -0.03213000
0.09515000 -0.96560001 0.19560000
-0.26089999 -0.94250000 0.01011000
0.04196000 -0.94779998 -0.25670001
0.20610000 -0.96560001 0.12680000
0.23940000 -0.94779998 0.07250000
0.12170000 -0.92690003 0.19610000
-0.24310000 -0.96560001 -0.05812000
0.02125000 -0.92690003 -0.09552000
-0.11620000 -0.92690003 0.01015000
-0.13740000 -0.92690003 0.06387000
0.15330000 -0.92690003 -0.03126000
0.11100000 -0.92690003 0.06343000
0.05752000 -0.96480000 0.24420001
-0.07848000 -0.95310003 0.24110000
0.06872000 -0.92690003 -0.01584000
0.08986000 -0.92690003 -0.11100000
-0.23250000 -0.92690003 -0.05407000
0.01587000 -0.92690003 0.19560000
-0.10020000 -0.92720002 -0.23700000
-0.06869000 -0.92690003 0.04802000
-0.00009300 -0.94779998 0.25229999
-0.17970000 -0.92690003 0.00529900
-0.19020000 -0.92690003 -0.08939000
0.06872000 -0.92690003 0.13699999
-0.08455000 -0.92690003 0.01058000
0.13550000 -0.96249998 -0.21950001
-0.19550000 -0.92690003 0.09559000
-0.25459999 -0.96210003 0.05678000
-0.10040000 -0.92690003 -0.15850000
-0.05824000 -0.92699999 0.00001400
0.03678000 -0.93190002 -0.25729999
0.03269000 -0.92360002 -0.03664000
-0.16949999 -0.94430000 -0.20080000
0.09685000 -0.92930001 -0.23950000
0.19550000 -0.92690003 0.13680001
-0.02112000 -0.92690003 -0.07882000
0.23440000 -0.94250000 -0.09375000
-0.04661000 -0.92670000 -0.03579000
0.16910000 -0.96560001 0.17440000
0.19069999 -0.93720001 -0.17030001
-0.01056000 -0.92690003 0.09532000
-0.06213000 -0.92690003 -0.22090000
-0.25780001 -0.96550000 0.01043000
0.14460000 -0.93720001 -0.21280000
0.02847000 -0.92690003 -0.08429000
0.00654500 -0.92690003 -0.20080000
-0.13060001 -0.94250000 0.21950001
-0.08455000 -0.92690003 0.16380000
0.24630000 -0.96490002 -0.04230000
-0.19499999 -0.92690003 0.11710000
0.22330000 -0.92879999 0.10850000
-0.12150000 -0.92690003 -0.21670000
-0.01477000 -0.92690003 0.22370000
-0.26210001 -0.95829999 -0.01028000
0.02876000 -0.96499997 0.24830000
-0.02882000 -0.95529997 -0.25970000
-0.24180000 -0.95480001 -0.10090000
0.02826000 -0.92360002 0.03252000
-0.22200000 -0.92690003 -0.06869000
0.24300000 -0.92690003 0.00528400
0.16910000 -0.92690003 -0.11580000
0.18420000 -0.95660001 0.16900000
-0.10960000 -0.96520001 -0.23559999
-0.10550000 -0.92690003 0.01014000
0.01011000 -0.95829999 -0.26089999
-0.04403000 -0.92690003 -0.05483000
-0.25319999 -0.95260000 0.06391000
0.17430000 -0.92690003 0.15920000
0.21670000 -0.92690003 0.02159000
-0.13740000 -0.92690003 -0.05240000
0.15860000 -0.92690003 -0.12110000
-0.15850000 -0.92690003 -0.12170000
-0.09508000 -0.92690003 -0.11140000
-0.13210000 -0.92690003 -0.21179999
-0.07852000 -0.92690003 0.14380001
-0.12150000 -0.96560001 -0.16910000
0.01587000 -0.96560001 0.19030000
-0.12150000 -0.96560001 0.17440000
-0.07397000 -0.96560001 0.16910000
0.15330000 -0.92690003 0.10040000
-0.05812000 -0.96560001 -0.14270000
-0.17440000 -0.96560001 0.10040000
0.10040000 -0.92690003 0.11630000
-0.13090000 -0.92690003 -0.17970000
-0.16910000 -0.92690003 0.18500000
0.13210000 -0.96560001 -0.08983000
-0.08455000 -0.92690003 0.11100000
-0.12150000 -0.96560001 -0.11100000
0.16910000 -0.92690003 0.13740000
0.19030000 -0.96560001 0.07401000
0.09515000 -0.96560001 -0.15850000
0.07401000 -0.96560001 0.15860000
-0.11100000 -0.92690003 0.16380000
0.11100000 -0.92690003 0.15860000
0.16910000 -0.96560001 0.00530400
-0.20610000 -0.92690003 -0.10520000
0.01059000 -0.96560001 -0.13740000
0.17970000 -0.96560001 -0.03169000
-0.16910000 -0.96560001 0.07929000
-0.17970000 -0.96560001 -0.12680000
-0.15850000 -0.92690003 -0.14270000
0.05287000 -0.96560001 -0.16910000
-0.02112000 -0.96560001 0.16390000
-0.03170000 -0.92690003 -0.22200000
-0.06869000 -0.96560001 -0.16910000
-0.17440000 -0.96560001 0.00001900
0.10570000 -0.96560001 -0.11100000
-0.17970000 -0.92690003 -0.14270000
0.14270000 -0.96560001 -0.00526600
-0.08454000 -0.96560001 0.22200000
-0.11100000 -0.96560001 -0.12680000
-0.09511000 -0.96560001 0.04230000
-0.25590000 -0.95310003 -0.05773000
-0.07397000 -0.92690003 0.12200000
-0.10570000 -0.92690003 0.14800000
-0.06684000 -0.92690003 0.20840000
-0.01584000 -0.96560001 0.23260000
-0.01028000 -0.93720001 -0.26210001
0.07929000 -0.92690003 -0.01056000
-0.07398000 -0.92690003 0.23280001
-0.19550000 -0.92690003 0.00573900
0.05287000 -0.92690003 0.06916000
0.18500000 -0.96560001 -0.07397000
0.12160000 -0.96560001 0.06872000
0.09514000 -0.92690003 0.06343000
0.06343000 -0.92690003 0.09030000
-0.08454000 -0.96560001 -0.04755000
0.19560000 -0.96560001 0.03173000
0.09515000 -0.96560001 -0.01584000
0.11630000 -0.92690003 -0.02641000
0.02116000 -0.96560001 0.23780000
-0.11100000 -0.96560001 0.02116000
-0.15850000 -0.96560001 -0.04755000
-0.06340000 -0.96560001 0.05815000
0.08458000 -0.96560001 0.01587000
-0.17440000 -0.96560001 -0.02641000
-0.10570000 -0.96560001 -0.03698000
0.20610000 -0.96560001 -0.05283000
0.03701000 -0.96560001 0.13740000
-0.03698000 -0.92690003 -0.19550000
0.02116000 -0.96560001 -0.17970000
-0.19550000 -0.92690003 0.02688000
-0.06869000 -0.96560001 0.03701000
-0.17970000 -0.96560001 0.03701000
-0.02641000 -0.96560001 -0.09511000
0.16380000 -0.92690003 -0.02641000
-0.02641000 -0.96560001 0.21670000
-0.17970000 -0.92690003 -0.08455000
-0.20610000 -0.96560001 0.05815000
0.06344000 -0.96560001 -0.09511000
0.07929000 -0.92690003 -0.15850000
0.06343000 -0.92690003 0.06387000
0.17970000 -0.96560001 0.06344000
0.07400000 -0.92690003 -0.20610000
-0.08454000 -0.96560001 -0.13210000
-0.10570000 -0.96560001 -0.06869000
0.19560000 -0.92690003 -0.08455000
0.07401000 -0.96560001 0.07929000
0.22200000 -0.96560001 -0.03169000
-0.08454000 -0.96560001 0.08458000
0.03701000 -0.96560001 -0.03169000
-0.01055000 -0.96560001 0.06872000
-0.22720000 -0.96560001 0.08458000
0.16910000 -0.92690003 0.05815000
0.06344000 -0.96560001 0.06872000
0.00001900 -0.96560001 -0.07926000
-0.01055000 -0.96560001 0.04758000
0.10570000 -0.96560001 -0.01055000
-0.06869000 -0.92690003 -0.00483100
-0.07397000 -0.96560001 0.01587000
0.00530400 -0.96560001 -0.16380000
0.09515000 -0.96560001 -0.17970000
0.09515000 -0.96560001 0.10040000
0.08986000 -0.92690003 0.01014000
-0.11630000 -0.96560001 0.10040000
0.01587000 -0.96560001 0.08986000
-0.02112000 -0.96560001 0.10040000
0.22420000 -0.94250000 0.10970000
0.20620000 -0.92690003 -0.00039200
0.13740000 -0.92690003 -0.03698000
-0.04734000 -0.95829999 -0.25720000
0.12690000 -0.96560001 -0.17970000
0.11100000 -0.96560001 0.20610000
-0.16910000 -0.92690003 -0.11100000
-0.04755000 -0.92690003 -0.11100000
-0.06869000 -0.96560001 -0.19020000
-0.23250000 -0.96560001 -0.10040000
0.19560000 -0.96560001 -0.06340000
-0.22720000 -0.96560001 0.02116000
0.12690000 -0.92690003 0.16960000
0.03172000 -0.92690003 -0.19020000
0.15860000 -0.96560001 -0.03169000
-0.19020000 -0.96560001 0.15860000
0.07929000 -0.92690003 -0.18500000
-0.03170000 -0.92690003 0.20080000
-0.14270000 -0.96560001 0.11630000
0.13740000 -0.96560001 0.15860000
0.05677000 -0.96219999 -0.25450000
-0.24270000 -0.92690003 0.02256000
-0.01299000 -0.92690003 0.20420000
-0.16380000 -0.92690003 0.08986000
0.04127000 -0.92690003 0.18150000
-0.21140000 -0.96560001 0.12690000
0.10060000 -0.92690003 -0.09557000
-0.18420000 -0.92690003 0.17020001
-0.13609999 -0.92690003 -0.19100000
-0.21670000 -0.92690003 -0.11100000
0.00002300 -0.92690003 0.16339999
-0.13210000 -0.96560001 -0.21670000
0.11100000 -0.92690003 0.21110000
-0.01056000 -0.92690003 -0.08411000
-0.00526100 -0.92690003 -0.06278000
0.17399999 -0.96490002 -0.18870001
-0.23170000 -0.92680001 0.10780000
0.21150000 -0.93409997 0.13290000
-0.20090000 -0.92690003 -0.04187000
-0.07435000 -0.94290000 -0.25279999
-0.24840000 -0.96560001 0.03701000
0.04230000 -0.92690003 0.20610000
0.21570000 -0.96469998 -0.13590001
-0.25170001 -0.94250000 0.06785000
-0.04227000 -0.92690003 -0.24840000
-0.04812000 -0.93250000 0.24750000
-0.24800000 -0.92680001 0.06857000
-0.00526500 -0.96560001 -0.25369999
-0.24270000 -0.96550000 -0.08438000
-0.14270000 -0.96560001 0.20090000
-0.15330000 -0.92690003 -0.20080000
-0.10040000 -0.92690003 -0.22720000
-0.02100000 -0.92690003 -0.10510000
0.23800001 -0.92680001 0.05774000
-0.02323000 -0.92490000 0.04255000
0.25080001 -0.96240002 -0.02077000
0.00269100 -0.92690003 -0.22690000
0.21130000 -0.96010000 0.13280000
0.04698000 -0.92690003 0.19200000
-0.17299999 -0.96560001 -0.19380000
-0.24670000 -0.95310003 -0.08918000
0.22630000 -0.96560001 0.09472000
-0.20530000 -0.94950002 -0.16360000
-0.25970000 -0.94470000 -0.02880000
0.16470000 -0.92680001 -0.18380000
0.15860000 -0.92739999 0.17870000
-0.20140000 -0.93680000 0.15950000
0.20209999 -0.93199998 -0.15510000
-0.02027000 -0.92690003 0.12809999
0.09839000 -0.96460003 -0.23860000
0.01587000 -0.92690003 -0.24840000
-0.02421000 -0.92510003 -0.05096000
-0.07091000 -0.92690003 -0.23230000
0.02953000 -0.95480001 0.24800000
0.23320000 -0.96230000 -0.09715000
0.12690000 -0.95310003 -0.22640000
-0.16380000 -0.92690003 -0.19550000
-0.21220000 -0.94599998 -0.15470000
0.00523500 -0.92909998 -0.26080000
0.02648000 -0.93190002 -0.25870001
-0.21500000 -0.95310003 0.14180000
0.18370000 -0.92809999 -0.17870000
0.17950000 -0.94580001 0.17479999
0.00923700 -0.91600001 -0.04926000
-0.13680001 -0.94430000 -0.22589999
-0.06328000 -0.96560001 0.24220000
-0.18990000 -0.93229997 0.17440000
0.12670000 -0.93229997 -0.22650000
0.22080000 -0.95829999 -0.12740000
0.23250000 -0.96560001 0.06872000
-0.04004000 -0.92690003 -0.06299000
-0.23000000 -0.93260002 0.12030000
0.13030000 -0.96480000 0.21259999
0.08702000 -0.95480001 0.23340000
0.17050000 -0.92900002 -0.19239999
0.11630000 -0.92690003 0.11100000
-0.00403100 -0.92690003 0.19630000
0.22149999 -0.94599998 0.11710000
0.24470000 -0.96480000 0.04734000
0.08334000 -0.93300003 0.23540001
0.19769999 -0.96460003 -0.15989999
-0.02603000 -0.92690003 0.05878000
0.21610001 -0.94069999 0.12680000
0.11280000 -0.96499997 0.22250000
-0.00718300 -0.92690003 -0.22190000
0.07559000 -0.94730002 -0.24850000
0.15050000 -0.95840001 -0.20829999
-0.22710000 -0.92680001 -0.12150000
-0.01114000 -0.92690003 0.17960000
-0.08303000 -0.93190002 0.23960000
-0.02594000 -0.96240002 0.24990000
-0.18449999 -0.92690003 -0.13590001
0.06227000 -0.92839998 0.23999999
0.10570000 -0.96560001 0.21670000
0.03340000 -0.92690003 0.14080000
0.17150000 -0.93720001 -0.19220001
0.23610000 -0.92850000 0.07851000
-0.03698000 -0.92690003 -0.16380000
0.07977000 -0.96130002 0.23649999
0.07925000 -0.93190002 -0.24690001
-0.23230000 -0.96539998 0.10560000
-0.05210000 -0.92500001 -0.02107000
-0.22440000 -0.95829999 0.12950000
0.21340001 -0.95810002 -0.14000000
0.03262000 -0.92690003 -0.06687000
-0.03052000 -0.92680001 -0.05792000
-0.01863000 -0.92680001 0.05531000
-0.23260000 -0.94999999 -0.12320000
-0.14540000 -0.93019998 -0.21910000
-0.06292000 -0.94250000 -0.25520000
0.23790000 -0.95480001 0.07613000
0.20890000 -0.95130002 0.13590001
0.03513000 -0.92110002 0.01971000
-0.02748000 -0.92690003 0.13689999
-0.25319999 -0.96539998 -0.04220000
-0.04625000 -0.91119999 -0.02605000
-0.09026000 -0.94250000 0.23630001
0.08322000 -0.95829999 -0.24529999
-0.23930000 -0.95829999 0.09782000
0.23260000 -0.92690003 -0.04755000
-0.25389999 -0.96050000 -0.07095000
0.18040000 -0.92690003 -0.16249999
-0.01589000 -0.92690003 0.17000000
-0.20870000 -0.92919999 0.14970000
0.11630000 -0.92690003 -0.00527200
0.07929000 -0.92690003 0.16380000
-0.07398000 -0.92690003 -0.15809999
0.24900000 -0.95310003 -0.03522000
0.12400000 -0.96350002 0.21850000
0.21370000 -0.95310003 0.12980001
-0.24930000 -0.92799997 -0.08122000
0.20080000 -0.92690003 0.11630000
-0.02681000 -0.92110002 0.03665000
-0.25780001 -0.92799997 0.02145000
-0.05277000 -0.92690003 -0.07349000
-0.13380000 -0.95660001 -0.22790000
0.11100000 -0.92690003 -0.18009999
0.21160001 -0.92690003 -0.03742000
-0.03218000 -0.91780001 -0.04243000
-0.23620000 -0.93229997 0.10510000
0.22380000 -0.92690003 -0.10080000
-0.13959999 -0.93540001 -0.22370000
0.12160000 -0.92690003 0.09561000
-0.19220001 -0.94250000 0.17150000
0.21670000 -0.96560001 -0.12150000
-0.10570000 -0.92690003 0.13210000
-0.12680000 -0.96560001 -0.13210000
-0.11100000 -0.92690003 -0.16380000
-0.12680000 -0.96560001 0.11630000
-0.18500000 -0.96560001 0.11100000
-0.17440000 -0.96560001 0.11100000
-0.12680000 -0.92690003 -0.10040000
0.16380000 -0.92690003 -0.16339999
-0.10570000 -0.96560001 -0.13210000
0.15330000 -0.96560001 0.10570000
-0.15320000 -0.96560001 0.18500000
-0.12680000 -0.96560001 0.13210000
-0.17440000 -0.96560001 -0.14270000
-0.15320000 -0.96560001 0.15330000
-0.11100000 -0.92690003 -0.20080000
0.11630000 -0.92690003 0.15330000
0.10570000 -0.92690003 -0.11140000
-0.19020000 -0.96560001 -0.14270000
0.17970000 -0.96560001 -0.13210000
-0.17970000 -0.96560001 0.14800000
-0.10570000 -0.96560001 0.21140000
-0.19020000 -0.96560001 0.13740000
-0.17970000 -0.96560001 0.10570000
-0.15320000 -0.96560001 0.19560000
-0.04226000 -0.96560001 -0.24310000
0.15860000 -0.92690003 0.06872000
0.12160000 -0.92690003 0.04273000
0.17440000 -0.92690003 0.04802000
-0.08983000 -0.96560001 0.21670000
0.21140000 -0.96560001 0.06344000
-0.20610000 -0.92690003 0.07400000
0.06344000 -0.96560001 0.22730000
-0.05283000 -0.96560001 -0.12680000
0.08986000 -0.92690003 0.14800000
0.07400000 -0.92690003 0.21140000
0.14800000 -0.96560001 -0.08454000
-0.20080000 -0.96560001 -0.05283000
0.03701000 -0.96560001 -0.14270000
0.13740000 -0.96560001 0.05815000
-0.06869000 -0.96560001 0.19560000
-0.08454000 -0.96560001 0.18500000
-0.21670000 -0.96560001 -0.08983000
-0.12680000 -0.96560001 0.03701000
0.16910000 -0.92690003 0.04229000
-0.13210000 -0.92690003 0.01102000
-0.16910000 -0.96560001 -0.01055000
-0.20610000 -0.96560001 -0.01584000
-0.11100000 -0.96560001 -0.02112000
-0.16380000 -0.96560001 0.03173000
-0.17970000 -0.96560001 -0.01055000
-0.02641000 -0.96560001 -0.19020000
0.01587000 -0.92690003 0.14270000
0.02644000 -0.96560001 -0.16910000
-0.01055000 -0.96560001 -0.21670000
0.02644000 -0.92690003 0.21140000
-0.02112000 -0.96560001 -0.17440000
-0.08983000 -0.92690003 0.15330000
-0.00204900 -0.92690003 -0.25430000
0.00006100 -0.92690003 0.07887000
0.19560000 -0.96560001 0.00530400
0.00530400 -0.96560001 -0.13210000
0.17440000 -0.96560001 0.00001900
0.20610000 -0.96560001 0.00001900
0.15330000 -0.96560001 0.00001900
0.23260000 -0.96560001 -0.01055000
0.16390000 -0.96560001 -0.01055000
-0.20760000 -0.95660001 -0.16060001
-0.21140000 -0.92690003 -0.06297000
-0.19550000 -0.92690003 -0.06297000
0.11630000 -0.96560001 0.07401000
0.07929000 -0.96560001 -0.11100000
-0.23250000 -0.96560001 0.07929000
0.09515000 -0.96560001 0.12160000
0.10570000 -0.96560001 -0.07926000
0.07400000 -0.92690003 -0.11100000
0.07400000 -0.92690003 -0.23250000
0.12690000 -0.96560001 0.07401000
-0.11100000 -0.96560001 -0.03169000
0.19030000 -0.92690003 -0.02113000
0.21670000 -0.96560001 0.02644000
-0.02641000 -0.96560001 -0.16380000
-0.03169000 -0.96560001 0.20090000
0.01587000 -0.92690003 0.22200000
-0.21140000 -0.92690003 -0.01540000
-0.20610000 -0.96560001 -0.03698000
-0.03698000 -0.96560001 0.18500000
0.04230000 -0.96560001 0.14270000
0.04758000 -0.96560001 -0.14270000
0.01059000 -0.96560001 0.10570000
0.01587000 -0.96560001 -0.20080000
0.14800000 -0.96560001 -0.06340000
0.13740000 -0.96560001 -0.06340000
0.01587000 -0.96560001 -0.19020000
0.12690000 -0.92690003 0.06387000
-0.13210000 -0.96560001 0.01587000
0.03701000 -0.96560001 -0.17970000
-0.05283000 -0.96560001 -0.24310000
0.21140000 -0.96560001 -0.05812000
0.21140000 -0.96560001 0.05287000
-0.03698000 -0.96560001 0.15860000
-0.11100000 -0.96560001 -0.04226000
-0.17440000 -0.96560001 0.03173000
0.22200000 -0.96560001 0.05287000
0.14800000 -0.92690003 0.04802000
-0.05812000 -0.96560001 0.18500000
-0.11100000 -0.96560001 0.05287000
0.10570000 -0.96560001 0.06872000
-0.08983000 -0.96560001 -0.16910000
0.04230000 -0.96560001 0.08986000
0.08987000 -0.96560001 0.03173000
0.03173000 -0.96560001 -0.05283000
-0.08937000 -0.96560001 -0.24200000
0.00001900 -0.96560001 -0.01055000
0.01588000 -0.92690003 -0.13740000
-0.10040000 -0.96560001 0.08986000
-0.01584000 -0.96560001 -0.08454000
0.07929000 -0.92690003 -0.02113000
0.03173000 -0.96560001 -0.01055000
-0.04226000 -0.96560001 -0.07397000
0.05815000 -0.96560001 -0.08983000
-0.01055000 -0.96560001 -0.08983000
-0.07369000 -0.92690003 0.13810000
0.00001900 -0.96560001 -0.03698000
0.05287000 -0.96560001 0.00001900
0.00530400 -0.96560001 -0.08454000
0.00001900 -0.96560001 0.01587000
-0.05809000 -0.92690003 -0.11050000
0.09514000 -0.92690003 -0.14800000
0.09514000 -0.92690003 0.11100000
0.08987000 -0.96560001 -0.03169000
-0.03169000 -0.96560001 0.03173000
-0.05812000 -0.96560001 0.05287000
0.04758000 -0.96560001 0.05287000
0.06872000 -0.96560001 0.04230000
0.10040000 -0.96560001 0.19030000
0.09515000 -0.96560001 0.17440000
0.10040000 -0.96560001 0.15860000
0.09515000 -0.96560001 0.18500000
-0.17970000 -0.96560001 0.09515000
-0.09512000 -0.92690003 0.09514000
0.05816000 -0.92690003 -0.09468000
-0.25600001 -0.94250000 0.04716000
0.05287000 -0.96560001 0.09515000
0.00530400 -0.96560001 0.10040000
-0.18930000 -0.96010000 -0.18449999
0.18670000 -0.94959998 0.16599999
-0.16380000 -0.92690003 -0.11630000
0.14270000 -0.92690003 0.16910000
-0.16910000 -0.96560001 -0.14800000
0.10570000 -0.92690003 0.16380000
0.12160000 -0.96560001 -0.18500000
-0.11100000 -0.96560001 0.22200000
0.12690000 -0.96560001 0.12690000
-0.10570000 -0.92690003 0.15860000
-0.14800000 -0.96560001 0.13210000
0.13210000 -0.92690003 0.18539999
-0.11630000 -0.96560001 -0.14800000
-0.22200000 -0.96560001 0.04230000
-0.05283000 -0.96560001 0.13210000
-0.05812000 -0.92690003 -0.13699999
-0.19020000 -0.92690003 -0.01012000
-0.20980000 -0.96340001 -0.15770000
0.00530400 -0.96560001 0.23780000
-0.11630000 -0.96560001 -0.00526600
-0.04226000 -0.96560001 -0.12150000
-0.03698000 -0.92690003 0.19560000
0.12690000 -0.96560001 0.03701000
-0.22200000 -0.96560001 0.03173000
-0.18500000 -0.96560001 -0.05283000
0.11680000 -0.96240002 -0.23130000
-0.12150000 -0.96560001 0.09515000
0.06872000 -0.96560001 0.23250000
0.25009999 -0.93720001 -0.02594000
0.22160000 -0.92650002 0.10120000
0.06824000 -0.92799997 0.23570000
-0.11630000 -0.92690003 0.11060000
0.20010000 -0.93089998 0.14770000
0.15860000 -0.92690003 -0.17970000
-0.08455000 -0.92690003 0.14800000
-0.02093000 -0.96560001 -0.25740001
-0.00521400 -0.94250000 -0.26240000
0.17510000 -0.92690003 0.13320000
0.05968000 -0.92690003 -0.13640000
0.10040000 -0.92690003 -0.06385000
-0.22200000 -0.92690003 -0.11630000
0.12160000 -0.92670000 0.21120000
-0.00526100 -0.96550000 0.24810000
-0.00858900 -0.96480000 -0.26100001
-0.22650000 -0.96530002 0.12120000
0.22669999 -0.96560001 -0.10550000
-0.13169999 -0.92680001 -0.22149999
-0.14270000 -0.92690003 0.11670000
0.00131100 -0.92790002 0.24920000
0.20469999 -0.92729998 0.13590001
-0.14270000 -0.92690003 0.07444000
0.19030000 -0.92690003 0.02644000
-0.11630000 -0.92690003 -0.01056000
-0.12680000 -0.92690003 -0.08455000
-0.12150000 -0.92690003 0.07356000
0.22730000 -0.92690003 0.01591000
-0.19550000 -0.92690003 0.05859000
0.23930000 -0.93720001 -0.08292000
-0.01892000 -0.92690003 0.10770000
-0.13740000 -0.92690003 0.13789999
-0.14270000 -0.92690003 0.14320000
0.13210000 -0.92690003 -0.12110000
-0.01032000 -0.91600001 -0.05106000
-0.06297000 -0.95310003 0.24519999
-0.10570000 -0.92720002 -0.23250000
0.20080000 -0.92690003 -0.02157000
-0.24840000 -0.92690003 0.00790900
-0.25119999 -0.94779998 -0.07824000
-0.23440000 -0.95310003 0.10950000
0.14380001 -0.92659998 -0.19980000
-0.00527000 -0.92690003 0.09999000
0.07752000 -0.92909998 0.23459999
0.24450000 -0.95829999 -0.06768000
0.10950000 -0.95840001 -0.23440000
-0.09843000 -0.92930001 0.23350000
0.23190001 -0.96560001 0.07905000
0.24860001 -0.96230000 -0.03448000
-0.23570000 -0.96240002 -0.11540000
-0.12760000 -0.93239999 0.22130001
-0.21200000 -0.96450001 0.14520000
-0.01252000 -0.92690003 0.11960000
-0.22679999 -0.92690003 -0.09052000
0.02071000 -0.92860001 -0.25799999
-0.25850001 -0.92720002 -0.00939600
-0.14300001 -0.93199998 0.21140000
0.04992000 -0.92690003 -0.07896000
-0.09392000 -0.94779998 0.23469999
0.23170000 -0.94779998 -0.10120000
-0.09754000 -0.95310003 0.23320000
0.10540000 -0.92710000 0.22090000
-0.08670000 -0.94779998 0.23790000
-0.25720000 -0.95829999 -0.04734000
-0.03701000 -0.96560001 0.24310000
0.24850000 -0.94770002 -0.03893000
0.22499999 -0.95829999 -0.11640000
0.20400000 -0.95829999 -0.15210000
-0.09384000 -0.95829999 0.23459999
0.15950000 -0.94209999 -0.20140000
-0.11640000 -0.95310003 0.22499999
0.22200000 -0.96560001 0.08986000
-0.04734000 -0.93190002 -0.25720000
-0.24390000 -0.93239999 0.08661000
-0.02955000 -0.92690003 -0.07376000
0.00576000 -0.92690003 -0.15560000
-0.18470000 -0.95829999 0.17940000
-0.18979999 -0.95829999 0.17450000
-0.23780000 -0.93720001 0.10150000
-0.25830001 -0.92739999 0.01152000
0.18380000 -0.93110001 0.16859999
0.19980000 -0.92739999 0.14150000
0.04700000 -0.92690003 0.16110000
0.16280000 -0.96130002 0.18840000
0.18170001 -0.92690003 -0.17200001
0.12950000 -0.95829999 -0.22440000
-0.04040000 -0.92690003 -0.06908000
-0.07819000 -0.93210000 -0.25110000
-0.17100000 -0.92930001 0.19020000
0.24940000 -0.96469998 -0.02613000
-0.07511000 -0.96249998 0.24280000
0.15310000 -0.92750001 0.18410000
0.04818000 -0.92690003 0.06212000
0.02168000 -0.92690003 -0.11140000
0.17460001 -0.92690003 -0.16240001
-0.12150000 -0.92690003 0.19560000
-0.24800000 -0.96350002 -0.08547000
0.24250001 -0.96219999 -0.07496000
-0.08455000 -0.92690003 0.21140000
-0.01583000 -0.92690003 0.08497000
-0.07162000 -0.92690003 -0.22229999
0.08345000 -0.94779998 0.23510000
-0.00403100 -0.92690003 0.15940000
-0.00840600 -0.92680001 -0.25850001
-0.01004000 -0.92690003 0.05325000
-0.16110000 -0.93199998 0.19769999
-0.19670001 -0.95829999 0.16550000
-0.25319999 -0.95810002 0.06385000
0.03210000 -0.92690003 0.07354000
-0.04206000 -0.92690003 -0.12180000
-0.10040000 -0.92690003 -0.12170000
-0.15330000 -0.92690003 -0.04271000
0.18160000 -0.93190002 -0.18200000
0.17440000 -0.92690003 -0.12600000
0.03862000 -0.92690003 -0.16419999
-0.02986000 -0.92690003 -0.12720001
0.21670000 -0.92690003 -0.01540000
-0.17970000 -0.92690003 0.06299000
-0.19000000 -0.96539998 0.16890000
-0.01420000 -0.92690003 -0.22220001
0.11330000 -0.94419998 0.22250000
-0.02523000 -0.92690003 -0.19059999
0.24310000 -0.96560001 -0.03702000
-0.19720000 -0.92860001 -0.17280000
0.23810001 -0.92690003 -0.03650000
0.01779000 -0.92690003 0.06304000
-0.03169000 -0.96560001 0.24310000
0.02782000 -0.92690003 -0.07846000
0.22730000 -0.92690003 -0.06297000
-0.16910000 -0.92690003 0.06299000
-0.20610000 -0.92690003 0.03701000
0.15330000 -0.92690003 0.02687000
0.13740000 -0.92690003 -0.19550000
-0.10040000 -0.92690003 -0.10080000
-0.08455000 -0.92690003 -0.16429999
-0.05284000 -0.92690003 -0.14219999
-0.19550000 -0.92690003 0.10090000
0.11710000 -0.95130002 0.22130001
0.24590001 -0.94250000 -0.05778000
0.08986000 -0.92690003 0.10040000
0.10980000 -0.95310003 0.22430000
0.23540001 -0.94250000 0.08358000
0.24270000 -0.94430000 0.06544000
-0.05284000 -0.92690003 -0.17970000
0.16000000 -0.94959998 0.19110000
-0.13070001 -0.93720001 0.21960001
0.02055000 -0.94779998 0.24940000
-0.23780000 -0.92690003 -0.08699000
-0.24850000 -0.94209999 0.07558000
-0.06216000 -0.92690003 0.21259999
0.14180000 -0.95310003 -0.21500000
-0.12680000 -0.95349997 -0.23109999
0.24310000 -0.96560001 0.00530200
-0.11630000 -0.92690003 0.16380000
-0.16380000 -0.96560001 0.04758000
0.09515000 -0.96560001 0.10570000
-0.14800000 -0.92690003 -0.01056000
0.16910000 -0.92690003 -0.03698000
0.03173000 -0.96560001 0.14270000
0.10040000 -0.96560001 -0.03169000
0.10040000 -0.96560001 0.16910000
-0.08455000 -0.92690003 0.12690000
-0.11630000 -0.92690003 -0.21140000
-0.23250000 -0.96560001 0.04758000
-0.08393000 -0.92690003 -0.21179999
0.10570000 -0.92690003 0.04229000
-0.02641000 -0.96560001 0.22200000
0.09514000 -0.92690003 -0.14270000
0.11630000 -0.96560001 0.06344000
0.06468000 -0.92690003 -0.19030000
0.17970000 -0.92690003 -0.06297000
-0.05283000 -0.96560001 0.11630000
-0.03698000 -0.96560001 -0.21140000
0.01059000 -0.96560001 0.22730000
-0.12680000 -0.92690003 -0.02113000
-0.21140000 -0.92690003 0.07400000
0.01587000 -0.92690003 0.16910000
-0.04226000 -0.96560001 0.19560000
-0.21140000 -0.96560001 0.10040000
0.07929000 -0.96560001 -0.23780000
0.13210000 -0.96560001 -0.13740000
0.02116000 -0.96560001 0.24310000
-0.20080000 -0.92690003 0.02644000
0.11630000 -0.96560001 0.04758000
0.11100000 -0.92690003 0.15330000
0.21670000 -0.96560001 -0.11620000
-0.11100000 -0.96560001 0.10040000
-0.10570000 -0.92690003 0.13740000
0.03701000 -0.96560001 0.16910000
-0.13210000 -0.92690003 -0.20649999
0.01587000 -0.96560001 0.22200000
-0.03698000 -0.96560001 -0.11100000
-0.21670000 -0.92690003 0.12690000
-0.12150000 -0.96560001 -0.03169000
-0.03170000 -0.92690003 -0.20610000
-0.24310000 -0.96560001 -0.04755000
0.04230000 -0.96560001 -0.12680000
-0.11100000 -0.96560001 -0.15850000
0.16390000 -0.96560001 0.02644000
-0.14800000 -0.92690003 0.12690000
-0.07926000 -0.96560001 -0.15320000
0.21670000 -0.96560001 0.08458000
-0.07397000 -0.96560001 0.21140000
-0.21140000 -0.92690003 -0.09512000
0.00530400 -0.96560001 -0.20080000
-0.13740000 -0.96560001 -0.18500000
-0.13740000 -0.92690003 0.14320000
0.14800000 -0.92690003 -0.10570000
0.12160000 -0.96560001 0.14270000
0.19030000 -0.92690003 0.11060000
0.12160000 -0.92690003 -0.15809999
0.13740000 -0.92690003 0.05330000
0.01059000 -0.92690003 -0.22720000
0.17440000 -0.96560001 -0.14270000
-0.08983000 -0.96560001 0.17970000
-0.11100000 -0.96560001 -0.07926000
0.20080000 -0.92690003 0.02071000
0.12160000 -0.92690003 -0.13169999
0.09515000 -0.96560001 -0.13210000
0.10570000 -0.96560001 0.13740000
-0.09512000 -0.92690003 0.21140000
0.17440000 -0.96560001 0.11100000
0.10570000 -0.96560001 0.01059000
0.08457000 -0.92690003 0.13740000
-0.12680000 -0.96560001 -0.17970000
0.11100000 -0.92690003 -0.01584000
-0.14800000 -0.96560001 -0.20080000
-0.18500000 -0.96560001 0.06344000
0.01587000 -0.96560001 -0.16910000
-0.19550000 -0.96560001 0.13740000
0.17440000 -0.96560001 0.07401000
-0.05812000 -0.92690003 -0.18449999
-0.07926000 -0.96560001 0.15860000
0.10570000 -0.92690003 0.05286000
-0.13210000 -0.96560001 -0.10570000
0.11100000 -0.96560001 -0.09511000
0.01059000 -0.96560001 -0.18500000
-0.00010300 -0.94250000 0.25229999
-0.22640000 -0.94250000 0.12690000
0.14460000 -0.94250000 -0.21280000
0.16260000 -0.95260000 -0.19900000
-0.21450000 -0.93720001 -0.15160000
0.06872000 -0.92690003 0.08986000
0.24840000 -0.96480000 0.02595000
-0.22220001 -0.92690003 0.03745000
-0.22730000 -0.92690003 0.06872000
-0.00527000 -0.92690003 0.08942000
-0.02641000 -0.96560001 0.04230000
0.11630000 -0.96560001 -0.10040000
-0.08454000 -0.96560001 0.21670000
-0.07926000 -0.96560001 -0.09511000
0.04230000 -0.96560001 -0.01584000
0.12690000 -0.96560001 0.06872000
-0.04755000 -0.96560001 -0.09511000
0.11100000 -0.92690003 0.04758000
0.20610000 -0.96560001 -0.06869000
0.07401000 -0.96560001 -0.00526600
0.24310000 -0.96560001 -0.02640000
0.16910000 -0.92690003 0.04758000
0.21670000 -0.96560001 0.06344000
-0.07926000 -0.96560001 0.00530400
-0.11100000 -0.92690003 0.07356000
0.06872000 -0.96560001 -0.07397000
0.21140000 -0.92690003 0.06343000
-0.15320000 -0.96560001 0.08986000
0.15330000 -0.96560001 -0.05812000
-0.20080000 -0.92690003 0.07400000
0.05815000 -0.96560001 -0.23780000
-0.19020000 -0.96560001 -0.04226000
-0.04755000 -0.96560001 -0.06340000
0.01587000 -0.96560001 0.23780000
0.18500000 -0.92690003 0.02688000
0.02644000 -0.92690003 -0.16910000
-0.17440000 -0.96560001 -0.01055000
0.02644000 -0.92690003 0.18500000
-0.07926000 -0.96560001 -0.01584000
0.03701000 -0.96560001 0.03173000
-0.01584000 -0.96560001 0.05815000
-0.01584000 -0.96560001 0.02644000
-0.20610000 -0.96560001 -0.01055000
-0.08454000 -0.96560001 -0.03698000
0.04758000 -0.96560001 -0.03698000
-0.03169000 -0.96560001 -0.21670000
-0.01584000 -0.96560001 -0.03698000
-0.08983000 -0.92690003 0.05286000
0.06344000 -0.96560001 0.08458000
0.07929000 -0.96560001 -0.08983000
0.17970000 -0.96560001 0.01059000
0.01059000 -0.96560001 0.05815000
0.01059000 -0.96560001 0.01059000
0.22730000 -0.96560001 0.00001900
0.15860000 -0.96560001 0.00001900
0.21670000 -0.92690003 -0.00483100
0.00001900 -0.96560001 0.05815000
-0.07926000 -0.96560001 -0.00526600
-0.00526600 -0.96560001 0.02644000
-0.01055000 -0.96560001 0.03701000
-0.00526600 -0.96560001 0.04758000
-0.11080000 -0.92690003 -0.00043600
0.08987000 -0.96560001 0.06872000
0.12690000 -0.92690003 0.08502000
-0.00527000 -0.92690003 0.09470000
-0.22720000 -0.96560001 0.07929000
0.09514000 -0.92690003 -0.15850000
-0.08455000 -0.92690003 0.15330000
0.09515000 -0.96560001 -0.19550000
-0.07398000 -0.92690003 -0.06825000
-0.14270000 -0.92690003 -0.03654000
0.16910000 -0.92690003 0.07400000
-0.22720000 -0.96560001 0.08986000
-0.05812000 -0.92690003 0.22730000
-0.21140000 -0.92690003 -0.06825000
-0.10040000 -0.92690003 0.18500000
-0.09512000 -0.92690003 -0.22720000
0.02115000 -0.92690003 0.17440000
-0.02112000 -0.96560001 0.22200000
-0.01584000 -0.96560001 -0.01584000
0.17440000 -0.96560001 -0.02112000
-0.01055000 -0.96560001 0.02116000
0.07400000 -0.92690003 -0.02113000
-0.03169000 -0.96560001 0.19560000
-0.02112000 -0.96560001 -0.03169000
-0.01584000 -0.96560001 -0.02641000
0.03701000 -0.96560001 -0.02112000
-0.12680000 -0.92690003 -0.02641000
0.15860000 -0.92690003 0.03172000
0.02116000 -0.96560001 -0.16910000
-0.20610000 -0.92690003 -0.01540000
-0.20610000 -0.92690003 -0.00484000
0.04758000 -0.96560001 -0.23250000
-0.04226000 -0.96560001 -0.06340000
0.03701000 -0.96560001 0.23780000
-0.04226000 -0.96560001 0.18500000
0.14800000 -0.96560001 0.05815000
-0.07397000 -0.96560001 0.01059000
0.03701000 -0.92690003 -0.21140000
0.01059000 -0.96560001 -0.04226000
0.18500000 -0.92690003 0.05859000
-0.17440000 -0.92690003 -0.04227000
0.22200000 -0.96560001 0.05815000
-0.17970000 -0.96560001 0.03173000
-0.04755000 -0.96560001 0.02116000
-0.05283000 -0.96560001 -0.10040000
0.05815000 -0.96560001 0.00001900
0.04758000 -0.96560001 -0.13210000
-0.03698000 -0.96560001 0.10040000
-0.10570000 -0.96560001 0.04758000
0.20610000 -0.96560001 -0.05812000
-0.10570000 -0.96560001 -0.08983000
0.08457000 -0.92690003 0.17970000
0.17440000 -0.96560001 -0.09511000
0.07929000 -0.92690003 -0.20610000
-0.09511000 -0.96560001 0.05815000
0.08458000 -0.96560001 -0.07397000
0.14270000 -0.96560001 -0.09511000
0.11630000 -0.96560001 0.06872000
-0.14800000 -0.92690003 0.08457000
-0.06869000 -0.96560001 0.01587000
-0.20610000 -0.96560001 0.06344000
0.16910000 -0.92690003 0.06343000
0.25209999 -0.93190002 0.00504900
0.09514000 -0.92690003 -0.10570000
-0.23250000 -0.92690003 -0.06604000
-0.25290000 -0.96539998 -0.04745000
-0.26019999 -0.94250000 0.01532000
-0.20980000 -0.94950002 -0.15780000
0.20890000 -0.95660001 0.13590001
-0.12150000 -0.92690003 0.04718000
0.21670000 -0.96560001 0.10040000
0.03701000 -0.96560001 0.10040000
0.13010000 -0.93720001 0.21400000
-0.01553000 -0.94250000 0.25130001
0.15830000 -0.92690003 -0.09467000
-0.02076000 -0.96240002 0.25070000
0.01534000 -0.95310003 0.24990000
-0.25650001 -0.95310003 -0.05253000
-0.25600001 -0.96230000 0.04716000
0.10040000 -0.92690003 -0.10080000
-0.05253000 -0.94779998 -0.25650001
-0.16650000 -0.94069999 -0.20310000
0.25270000 -0.93199998 -0.00522000
-0.07397000 -0.92680001 0.23800001
-0.06339000 -0.96560001 -0.24830000
-0.05812000 -0.96560001 0.13210000
0.10570000 -0.96560001 0.13210000
0.01587000 -0.96560001 0.23260000
-0.18500000 -0.96560001 0.05287000
-0.12150000 -0.92690003 0.20080000
-0.14800000 -0.96560001 0.11630000
0.20610000 -0.96560001 0.11630000
0.20080000 -0.92690003 -0.07398000
-0.13740000 -0.96560001 -0.11630000
-0.12150000 -0.96560001 0.20090000
0.04230000 -0.96560001 -0.15320000
0.01587000 -0.96560001 -0.18500000
0.09514000 -0.92690003 0.15860000
0.00530400 -0.96560001 0.23260000
-0.06341000 -0.92690003 0.23780000
0.04229000 -0.92690003 -0.22200000
-0.18840000 -0.92690003 0.15030000
0.08458000 -0.96560001 -0.14800000
-0.11630000 -0.92690003 -0.21670000
0.04758000 -0.96560001 0.23260000
-0.04227000 -0.92690003 0.16380000
-0.01584000 -0.96560001 0.23780000
0.11630000 -0.92690003 -0.20119999
0.12690000 -0.96560001 -0.14800000
0.04716000 -0.95310003 -0.25600001
-0.10820000 -0.96130002 -0.23870000
0.23270001 -0.92690003 0.01561000
-0.04021000 -0.91600001 -0.03507000
-0.15770000 -0.92690003 -0.20510000
0.15870000 -0.96499997 -0.19990000
-0.23250000 -0.92690003 -0.08178000
-0.14800000 -0.92690003 -0.03698000
-0.06862000 -0.92690003 0.13750000
-0.12660000 -0.92690003 0.12660000
0.04803000 -0.92690003 0.07076000
0.09970000 -0.96550000 0.22550000
0.04203000 -0.92690003 0.19480000
-0.21920000 -0.93540001 -0.14550000
-0.26230001 -0.96230000 -0.00519700
-0.00526800 -0.92690003 -0.06783000
-0.24290000 -0.92680001 0.07922000
-0.09442000 -0.92680001 -0.24140000
-0.03217000 -0.92690003 0.09506000
-0.14760000 -0.96560001 -0.21089999
-0.22200000 -0.92690003 -0.11100000
0.11050000 -0.96560001 -0.23119999
0.10040000 -0.92690003 0.21140000
-0.10460000 -0.93220001 -0.24010000
-0.25819999 -0.96550000 0.00000100
0.02057000 -0.92690003 0.09050000
-0.18440001 -0.95480001 -0.18930000
-0.23190001 -0.92680001 -0.11090000
-0.20130000 -0.92690003 -0.13110000
0.22160000 -0.96560001 -0.11610000
0.21380000 -0.93720001 0.12989999
0.08374000 -0.92780000 0.23080000
0.17140000 -0.96249998 -0.19190000
-0.02517000 -0.92690003 -0.09998000
0.15840000 -0.96560001 0.18470000
-0.20070000 -0.96550000 -0.15840000
-0.19520000 -0.92680001 -0.16840000
0.24770001 -0.92680001 0.00563800
0.17440000 -0.92690003 -0.15770000
-0.17560001 -0.96130002 -0.19599999
0.05324000 -0.92690003 0.19000000
-0.02673000 -0.93260002 0.25029999
0.15290000 -0.92780000 0.18940000
0.24730000 -0.95310003 -0.04742000
0.22790000 -0.96480000 -0.10980000
0.03788000 -0.92439997 0.02196000
-0.02910000 -0.92439997 0.03872000
0.23639999 -0.96539998 -0.08426000
0.23700000 -0.96560001 0.06839000
0.05233000 -0.96249998 -0.25510001
-0.25860000 -0.95310003 -0.03694000
0.03405000 -0.92280000 0.02369000
0.04634000 -0.92690003 -0.10470000
0.04746000 -0.96560001 0.24220000
0.24750000 -0.96560001 0.00518200
-0.02065000 -0.96249998 -0.26050001
-0.18480000 -0.92680001 0.17450000
0.07628000 -0.93419999 0.23840000
-0.03482000 -0.92690003 -0.05738000
-0.26080000 -0.96240002 0.01009000
0.22200000 -0.96560001 0.09514000
0.09102000 -0.94569999 0.23230000
0.21130000 -0.94950002 0.13280000
-0.20980000 -0.94419998 -0.15780000
0.23150000 -0.96550000 -0.09482000
0.07261000 -0.93720001 0.23970000
-0.14700000 -0.92869997 -0.21540000
0.22270000 -0.93419999 0.11320000
-0.13110000 -0.92710000 -0.22570001
0.24089999 -0.94599998 0.06889000
-0.01989000 -0.92690003 0.08619000
-0.00522200 -0.96249998 0.25270000
-0.25360000 -0.96560001 0.02116000
-0.00397500 -0.92790002 0.24959999
0.18570000 -0.92680001 -0.17299999
-0.03701000 -0.92379999 0.03269000
0.24740000 -0.94250000 0.03696000
-0.25170001 -0.95829999 0.06783000
0.14070000 -0.96469998 0.20370001
-0.09032000 -0.93239999 0.23649999
0.06873000 -0.92690003 -0.18500000
0.03606000 -0.92530000 -0.03520000
-0.22510000 -0.92900002 -0.13560000
0.20440000 -0.94599998 0.14180000
-0.26199999 -0.96230000 -0.01027000
0.22350000 -0.95829999 -0.12010000
-0.13380000 -0.94599998 -0.22790000
-0.19430000 -0.93199998 0.16859999
-0.09741000 -0.95829999 0.23289999
0.15590000 -0.92919999 0.19170000
-0.07167000 -0.95829999 0.24400000
0.23310000 -0.94250000 -0.09745000
-0.12390000 -0.93239999 0.22260000
-0.06758000 -0.96219999 0.24490000
0.24230000 -0.94250000 -0.07474000
0.00654700 -0.92690003 -0.22720000
0.12570000 -0.96480000 0.21529999
-0.18930000 -0.94950002 -0.18449999
-0.19220001 -0.95829999 0.17150000
-0.13030000 -0.94250000 -0.22960000
0.07552000 -0.93049997 0.23780000
-0.18700001 -0.94069999 -0.18700001
-0.20140000 -0.94730002 0.15950000
0.05039000 -0.92690003 -0.08461000
-0.03858000 -0.95310003 0.24810000
0.16450000 -0.92900002 -0.19700000
-0.25590000 -0.92850000 0.03714000
-0.04713000 -0.92460001 0.02011000
-0.08321000 -0.96520001 -0.24630000
0.00290300 -0.92690003 -0.24850000
0.10950000 -0.96249998 -0.23420000
0.20430000 -0.93199998 -0.15230000
0.14460000 -0.94779998 -0.21280000
0.08916000 -0.96480000 0.23090000
0.13590001 -0.93159997 0.20930000
0.22560000 -0.92989999 0.10610000
-0.24490000 -0.92890000 0.08347000
0.17430000 -0.93220001 -0.18979999
-0.04430000 -0.92530000 -0.03363000
0.00969300 -0.93290001 0.25099999
0.24290000 -0.93199998 -0.07493000
0.13730000 -0.96480000 -0.21770000
-0.16640000 -0.96130002 -0.20299999
0.12930000 -0.93220001 -0.22440000
-0.21600001 -0.92680001 0.13689999
-0.26109999 -0.96480000 -0.00353100
-0.20970000 -0.96480000 0.14740001
-0.04745000 -0.96490002 0.24590001
0.02623000 -0.96550000 0.24660000
-0.26069999 -0.92909998 -0.01043000
0.18120000 -0.92919999 -0.18279999
0.11610000 -0.96499997 -0.23050000
0.10190000 -0.96499997 0.22710000
-0.26030001 -0.92869997 0.01030000
-0.24410000 -0.92930001 0.08596000
-0.25920001 -0.96460003 0.01962000
-0.19360000 -0.96460003 0.16850001
-0.21280000 -0.96230000 0.14460000
-0.22370000 -0.93030000 -0.13950001
0.09466000 -0.92850000 -0.23999999
0.20630001 -0.92919999 -0.15000001
-0.20880000 -0.96499997 -0.15640000
0.24660000 -0.96550000 0.02622000
-0.21780001 -0.92930001 0.13779999
