-8.761572 -9.720352 5.904091 
-8.243083 -9.555746 5.966207 
-7.838145 -9.562742 5.877798 
-8.084679 -9.371658 5.922836 
-7.706851 -9.307858 5.880551 
-6.736292 -9.127785 5.948158 
-5.592747 -8.869606 5.967422 
-10.01243 -10.6086 6.39505 
-9.687691 -10.57127 6.428848 
-9.389412 -10.50826 6.472321 
-9.54718 -10.47363 6.3815 
-9.255639 -10.30838 6.375129 
-8.788516 -10.17417 6.344547 
-8.310023 -10.10305 6.383133 
-9.156189 -9.999565 6.188812 
-8.643885 -9.878136 6.159542 
-8.244745 -9.796069 6.191254 
-7.790959 -9.673172 6.242547 
-7.258377 -9.635016 6.286815 
-6.776762 -9.573616 6.32436 
-6.325191 -9.629218 6.34911 
-8.014221 -9.371071 6.036697 
-7.684737 -9.411743 6.133413 
-7.23448 -9.340174 6.128827 
-6.735538 -9.298265 6.16762 
-6.255359 -9.298158 6.220573 
-5.727666 -9.253159 6.295037 
-5.284912 -9.209253 6.390056 
-4.846506 -9.064194 6.462959 
-7.027245 -8.963417 6.049072 
-6.826248 -8.961601 6.019653 
-6.236074 -8.92702 6.083385 
-5.707016 -8.83547 6.171214 
-5.240952 -8.884864 6.191411 
-4.784073 -8.945267 6.396652 
-10.43853 -11.58881 6.935623 
-10.54893 -11.11048 6.820374 
-10.21002 -11.13713 6.872831 
-9.73189 -11.07408 6.921765 
-10.08432 -10.8246 6.573135 
-9.761079 -10.8166 6.660186 
-9.249751 -10.70037 6.77758 
-8.746621 -10.5643 6.830759 
-9.160094 -10.41577 6.615489 
-8.744672 -10.3401 6.675914 
-8.290207 -10.2176 6.748073 
-7.907593 -10.08402 6.912758 
-8.132603 -9.909678 6.593313 
-7.702847 -9.82385 6.719849 
-7.243921 -9.75775 6.750469 
-6.719572 -9.699043 6.796403 
-6.294353 -9.610591 6.76342 
-5.768922 -9.581237 6.843206 
-5.284264 -9.562277 6.854874 
-4.750593 -9.594547 6.913723 
-4.326553 -9.629883 6.937317 
-6.791449 -9.464407 6.566559 
-6.226696 -9.417127 6.683301 
-5.757738 -9.387134 6.690894 
-5.212576 -9.301876 6.635246 
-4.752419 -9.296739 6.710635 
-4.251962 -9.263026 6.894777 
-5.001068 -8.980652 6.74057 
-11.12045 -11.75739 7.42997 
-10.8027 -11.60103 7.316402 
-10.42044 -11.54774 7.37794 
-10.6375 -11.41982 7.209025 
-10.25663 -11.30318 7.205235 
-9.74939 -11.14815 7.270799 
-9.22428 -11.06393 7.333049 
-8.964211 -11.00034 7.49765 
-9.579143 -10.92103 7.116415 
-9.181543 -10.84118 7.191184 
-8.751767 -10.71064 7.24272 
-8.362211 -10.58092 7.303772 
-8.552471 -10.45641 7.092255 
-8.199001 -10.35981 7.223778 
-7.786932 -10.15052 7.242946 
-7.369138 -10.06639 7.352692 
-6.993332 -10.01829 7.48175 
-4.543358 -10.01784 7.350861 
-4.275669 -10.07375 7.478119 
-7.614216 -9.925907 7.205795 
-7.243473 -9.878339 7.200753 
-6.762339 -9.832397 7.210593 
-6.275651 -9.710653 7.227842 
-5.758905 -9.666765 7.252178 
-5.245248 -9.67101 7.263132 
-4.718156 -9.757717 7.246492 
-4.259603 -9.720068 7.257312 
-3.797305 -9.663736 7.309 
-5.72028 -9.47781 7.081284 
-5.238538 -9.449356 7.048564 
-4.163152 -9.422644 7.145877 
-3.890157 -9.283323 7.137985 
-11.57248 -12.05362 7.942474 
-11.29298 -12.0644 7.887395 
-11.56079 -11.96122 7.849075 
-11.19599 -11.84825 7.689347 
-10.74764 -11.76266 7.763259 
-10.34157 -11.6046 7.710507 
-10.19373 -11.36203 7.650198 
-9.75562 -11.25622 7.741055 
-9.20542 -11.14333 7.77317 
-8.892246 -11.05189 7.976852 
-9.182182 -10.94217 7.629603 
-8.704181 -10.78701 7.738005 
-8.342425 -10.62676 7.724252 
-7.927938 -10.54002 7.934581 
-8.146285 -10.43325 7.66275 
-7.762442 -10.28159 7.716235 
-7.254923 -10.1457 7.759254 
-6.731949 -10.08119 7.806934 
-6.418098 -10.05537 7.968964 
-5.111038 -10.00948 7.951691 
-4.71254 -10.05635 7.778931 
-4.199078 -10.13755 7.725154 
-3.766397 -10.11869 7.851845 
-3.486115 -10.02117 7.751831 
-7.236264 -9.95364 7.6311 
-6.692552 -9.908564 7.722205 
-6.259865 -9.852627 7.772811 
-5.77612 -9.764311 7.774767 
-5.256176 -9.785202 7.720114 
-4.810801 -9.833594 7.668218 
-4.27096 -9.90556 7.655711 
-3.80373 -9.884706 7.689967 
-12.00287 -12.63285 8.472626 
-11.92439 -12.51447 8.383575 
-11.71478 -12.26283 8.29657 
-11.26969 -12.17544 8.253304 
-10.83565 -12.02876 8.323095 
-11.1792 -11.94028 8.18746 
-10.66011 -11.81496 8.252894 
-10.30797 -11.70675 8.276897 
-9.89555 -11.53407 8.232834 
-10.12582 -11.46609 8.19454 
-9.679808 -11.33048 8.254436 
-9.256789 -11.18141 8.239746 
-8.818376 -11.10355 8.327257 
-8.754558 -10.92494 8.179888 
-8.265356 -10.73825 8.276313 
-7.744123 -10.57822 8.324944 
-3.554115 -10.70604 8.382111 
-3.316698 -10.66968 8.377554 
-7.716677 -10.40078 8.178074 
-7.237381 -10.29491 8.24659 
-6.769219 -10.18717 8.266665 
-6.299689 -10.07921 8.26022 
-5.750673 -10.01834 8.393234 
-5.239049 -10.03404 8.288032 
-4.743002 -10.11663 8.192433 
-4.20305 -10.21978 8.240479 
-3.687696 -10.29648 8.197598 
-3.42995 -10.28485 8.279058 
-6.559975 -9.988441 8.098816 
-6.237053 -9.921726 8.197586 
-5.747404 -9.864772 8.198528 
-5.270554 -9.827288 8.207532 
-4.791945 -9.861607 8.195801 
-4.402397 -9.973358 8.131332 
-12.17173 -12.69312 8.83522 
-11.76557 -12.56941 8.851783 
-12.14854 -12.47166 8.705902 
-11.7888 -12.40531 8.689793 
-11.27466 -12.22545 8.772105 
-10.78068 -12.0904 8.763327 
-10.42876 -12.06124 8.872391 
-10.69266 -11.92511 8.708099 
-10.23943 -11.78832 8.734088 
-9.772483 -11.5954 8.779547 
-9.438438 -11.51737 8.999084 
-9.622121 -11.41255 8.698871 
-9.237278 -11.27755 8.74223 
-8.759308 -11.18703 8.765579 
-8.390927 -11.08177 8.828779 
-8.542953 -10.9649 8.624603 
-8.189761 -10.84419 8.72509 
-7.78314 -10.67873 8.831116 
-7.293286 -10.57149 8.860809 
-3.641393 -10.55161 8.7989 
-3.244922 -10.81828 8.746881 
-7.516594 -10.49094 8.822601 
-7.210402 -10.41948 8.752828 
-6.734282 -10.26659 8.739523 
-6.305549 -10.11019 8.74157 
-5.667125 -10.06269 8.727316 
-5.297057 -10.07893 8.848921 
-4.727144 -10.14538 8.664604 
-4.271674 -10.26672 8.764456 
-3.900533 -10.36744 8.676779 
-3.381584 -10.20896 8.589478 
-6.214715 -9.955707 8.749603 
-5.85256 -9.87305 8.665085 
-5.273383 -9.862386 8.749964 
-4.744773 -9.919712 8.714595 
-12.59107 -13.10816 9.308856 
-12.44058 -13.05624 9.397858 
-12.26351 -12.80206 9.235306 
-11.80698 -12.65958 9.259259 
-11.41412 -12.52988 9.271973 
-11.62579 -12.42412 9.267456 
-11.21414 -12.30406 9.219142 
-10.80001 -12.18112 9.251845 
-10.37335 -12.12257 9.288448 
-10.56766 -11.97167 9.143837 
-10.20751 -11.86581 9.186529 
-9.739259 -11.6956 9.22945 
-9.338846 -11.58193 9.299706 
-8.996994 -11.52402 9.417419 
-9.522301 -11.4471 9.156647 
-9.258108 -11.39403 9.22182 
-8.732039 -11.2965 9.25418 
-8.304956 -11.14812 9.261137 
-8.093164 -10.91862 9.194646 
-7.823677 -10.78389 9.23042 
-7.38153 -10.60705 9.221776 
-6.951225 -10.5084 9.161072 
-3.609833 -10.57374 9.133263 
-3.263361 -10.76501 9.224728 
-7.217617 -10.46345 9.276993 
-6.727008 -10.33532 9.170156 
-6.267797 -10.16913 9.219191 
-5.839475 -10.12048 9.317035 
-5.282386 -10.1158 9.270609 
-4.716923 -10.15653 9.218406 
-4.240734 -10.26454 9.2734 
-3.840581 -10.42282 9.276341 
-5.693832 -9.972967 9.164658 
-5.277154 -9.928397 9.256122 
-4.859573 -9.958641 9.327766 
-12.782 -13.58355 9.988022 
-12.63303 -13.23437 9.79095 
-12.36318 -13.13377 9.766401 
-12.26284 -12.88652 9.714623 
-11.76766 -12.72219 9.756024 
-11.30827 -12.60873 9.802129 
-10.99616 -12.54858 9.983978 
-11.58745 -12.46889 9.60878 
-11.22474 -12.40345 9.716789 
-10.76605 -12.29899 9.761768 
-10.30932 -12.15627 9.766758 
-9.897156 -12.07811 9.880096 
-10.09431 -11.93685 9.745795 
-9.688309 -11.81034 9.785993 
-9.292122 -11.66671 9.742348 
-8.880724 -11.54787 9.772975 
-9.102481 -11.46797 9.723002 
-8.764401 -11.34752 9.739634 
-8.27433 -11.19792 9.792898 
-7.933571 -11.03585 9.816727 
-8.062134 -10.96799 9.777405 
-7.749653 -10.84366 9.759355 
-7.238138 -10.67297 9.807254 
-6.785746 -10.55274 9.798235 
-3.234733 -10.58861 9.642142 
-2.909655 -10.78035 9.67868 
-7.054428 -10.46508 9.698669 
-6.71775 -10.38679 9.756433 
-6.276385 -10.28611 9.778711 
-5.772705 -10.12299 9.763423 
-5.229635 -10.13581 9.736195 
-4.739974 -10.12543 9.75072 
-4.231274 -10.13306 9.767419 
-3.7612 -10.23059 9.757472 
-3.271683 -10.24616 9.87963 
-2.902386 -10.10146 9.938934 
-5.570316 -9.98402 9.718277 
-5.226772 -9.946136 9.814087 
-4.894379 -9.957802 9.55722 
-3.929535 -9.93261 9.933975 
-12.71614 -13.66952 10.32899 
-12.61719 -13.36681 10.20286 
-12.30933 -13.23391 10.28923 
-11.84824 -13.06699 10.31733 
-12.12507 -12.96299 10.19218 
-11.71924 -12.83906 10.20673 
-11.26388 -12.66509 10.22686 
-10.83972 -12.58781 10.27583 
-11.10244 -12.44546 10.13589 
-10.66902 -12.3599 10.22434 
-10.28352 -12.25019 10.25259 
-9.85476 -12.11783 10.25244 
-9.717755 -11.89437 10.23632 
-9.266795 -11.74632 10.27107 
-8.806718 -11.61383 10.30881 
-8.285449 -11.58108 10.42509 
-7.912125 -11.51421 10.49341 
-8.667769 -11.40172 10.16543 
-8.22626 -11.29305 10.2246 
-7.773968 -11.18636 10.28049 
-7.317602 -11.10593 10.43806 
-7.634568 -10.92024 10.13981 
-7.221306 -10.81408 10.21545 
-6.743676 -10.6967 10.27979 
-6.387061 -10.56769 10.25021 
-3.068886 -10.71086 10.33344 
-6.560593 -10.43883 10.07895 
-6.179503 -10.364 10.22073 
-5.766815 -10.19394 10.27923 
-5.234838 -10.15481 10.27353 
-4.780735 -10.08627 10.2172 
-3.680258 -10.07178 10.07752 
-3.081648 -10.21784 10.24282 
-2.945435 -10.24685 10.05646 
-5.540962 -9.994003 10.08069 
-5.32753 -9.968333 10.19696 
-4.740987 -9.917316 10.3571 
-4.243227 -9.942618 10.24493 
-3.691779 -9.88043 10.26822 
-3.233824 -9.847192 10.25953 
-2.901079 -9.791512 10.21835 
-12.59629 -14.07561 10.92117 
-12.61223 -13.7518 10.71628 
-12.36979 -13.55985 10.85876 
-12.58525 -13.44125 10.59492 
-12.21842 -13.30696 10.72471 
-11.74583 -13.11981 10.79174 
-11.42917 -13.02892 10.90942 
-11.67737 -12.90616 10.6644 
-11.24071 -12.78582 10.76357 
-10.79529 -12.65596 10.7927 
-10.28718 -12.56606 10.90554 
-10.69142 -12.42245 10.67705 
-10.24175 -12.31946 10.72304 
-9.7495 -12.21104 10.75317 
-9.28678 -12.12114 10.79144 
-8.885442 -12.06413 10.86574 
-9.688591 -11.95281 10.53944 
-9.183707 -11.88041 10.67753 
-8.712163 -11.82492 10.71744 
-8.259877 -11.72824 10.74672 
-7.792572 -11.61087 10.81785 
-7.465034 -11.5258 10.90494 
-8.158581 -11.45045 10.53214 
-7.64424 -11.3509 10.64568 
-7.293615 -11.23622 10.76714 
-6.898911 -11.07958 10.86639 
-7.059392 -10.93269 10.61928 
-6.695139 -10.84509 10.68925 
-6.315269 -10.65054 10.76322 
-3.155158 -10.68343 10.74679 
-6.1251 -10.42959 10.72139 
-5.763727 -10.30655 10.77867 
-5.307333 -10.14834 10.76631 
-4.859985 -10.04918 10.74073 
-3.009018 -10.24435 10.71938 
-2.97338 -10.22234 10.77829 
-5.077415 -9.974619 10.72055 
-4.679186 -9.875656 10.77216 
-4.255818 -9.758811 10.73707 
-3.734837 -9.68565 10.75448 
-3.21201 -9.708053 10.71409 
-2.949251 -9.649009 10.73573 
-3.10537 -9.40966 10.91341 
-12.51603 -14.06505 11.0473 
-12.38051 -14.18672 11.35652 
-12.28277 -13.72545 11.25334 
-11.85721 -13.57104 11.40944 
-12.11395 -13.3546 11.13794 
-11.77162 -13.30895 11.26925 
-11.29569 -13.18514 11.32092 
-10.84016 -13.08149 11.37447 
-11.2283 -12.90168 11.1229 
-10.76677 -12.80057 11.20474 
-10.2958 -12.71489 11.24437 
-9.828934 -12.62164 11.34031 
-9.448524 -12.57578 11.44699 
-10.17885 -12.44494 11.11949 
-9.690825 -12.38383 11.18478 
-9.250787 -12.28363 11.2545 
-8.769886 -12.15337 11.29136 
-8.322583 -12.08308 11.37164 
-8.716887 -11.93139 11.1343 
-8.201211 -11.86639 11.22726 
-7.697695 -11.73219 11.2558 
-7.400599 -11.63449 11.2743 
-7.191473 -11.39016 11.21982 
-6.776424 -11.17975 11.30666 
-6.486732 -11.00787 11.3027 
-6.621008 -10.92155 11.05711 
-6.257023 -10.76388 11.26048 
-5.892615 -10.56857 11.32355 
-6.084061 -10.47272 11.05316 
-5.70461 -10.37794 11.2181 
-5.269461 -10.15567 11.26836 
-4.939255 -10.02306 11.23682 
-3.581299 -10.32867 11.40393 
-3.206949 -10.12459 11.21016 
-2.965813 -10.29319 11.08698 
-5.054008 -9.935486 11.41946 
-4.721867 -9.829679 11.29548 
-4.297561 -9.739493 11.2502 
-3.772796 -9.603114 11.22011 
-3.229125 -9.774193 11.2452 
-2.986885 -9.573257 11.00098 
-3.637047 -9.465527 11.34155 
-3.253134 -9.3597 11.26343 
-2.975925 -9.357905 11.2295 
-12.14597 -14.2811 11.69235 
-11.89228 -14.17696 11.88986 
-12.08698 -13.86035 11.59736 
-11.7832 -13.77631 11.75438 
-11.37169 -13.63788 11.83116 
-10.86765 -13.56296 11.98538 
-11.59732 -13.3908 11.60998 
-11.20772 -13.27962 11.66667 
-10.75388 -13.22079 11.73963 
-10.34279 -13.13694 11.81499 
-9.820478 -13.1242 11.90769 
-9.374657 -13.06169 11.97928 
-10.72341 -12.94608 11.58522 
-10.19235 -12.85088 11.67638 
-9.723074 -12.78166 11.7022 
-9.262816 -12.73828 11.77955 
-8.833189 -12.58252 11.87561 
-9.214222 -12.37756 11.5595 
-8.750546 -12.34773 11.7393 
-8.254911 -12.24279 11.81627 
-7.784452 -12.12277 11.87592 
-7.47052 -12.01396 11.87491 
-8.166592 -11.93507 11.54881 
-7.726054 -11.8676 11.62847 
-7.248285 -11.7314 11.73544 
-6.905635 -11.62869 11.84515 
-7.092308 -11.47966 11.5697 
-6.713138 -11.30723 11.74543 
-6.364649 -11.07844 11.83244 
-6.199843 -10.85886 11.73171 
-5.833744 -10.63212 11.78921 
-5.649101 -10.40195 11.69516 
-5.248441 -10.20633 11.73743 
-4.93026 -10.04127 11.78784 
-3.612228 -10.22044 11.67093 
-5.089981 -9.981926 11.64587 
-4.760878 -9.860192 11.71804 
-4.257565 -9.693034 11.79601 
-3.826846 -9.572946 11.69571 
-3.345383 -9.671236 11.77353 
-3.697512 -9.427113 11.82462 
-3.290685 -9.319163 11.71201 
-2.934786 -9.367504 11.74627 
-11.41196 -14.59959 12.41245 
-11.67308 -14.28152 12.17118 
-11.32918 -14.19886 12.34956 
-11.52288 -13.96638 12.19781 
-11.20507 -13.82483 12.22497 
-10.81607 -13.73784 12.22594 
-10.30758 -13.64507 12.33259 
-9.839676 -13.5546 12.35313 
-11.02505 -13.46533 12.03934 
-10.69955 -13.40526 12.08206 
-10.25461 -13.3188 12.15876 
-9.715014 -13.27451 12.20356 
-9.273913 -13.18685 12.26822 
-8.882738 -13.07444 12.39211 
-9.125505 -12.91821 12.17376 
-8.754141 -12.76681 12.24582 
-8.340149 -12.5996 12.34797 
-8.596062 -12.4283 12.08881 
-8.218503 -12.38693 12.23402 
-7.756782 -12.26854 12.24007 
-7.242894 -12.08175 12.30928 
-6.927719 -12.00879 12.40848 
-7.50518 -11.99475 12.14386 
-7.168579 -11.88591 12.21804 
-6.760914 -11.69824 12.23881 
-6.497093 -11.59067 12.40344 
-6.583572 -11.35877 12.09721 
-6.297843 -11.20807 12.25946 
-5.994194 -11.03273 12.42606 
-6.101982 -10.92525 12.19007 
-5.784268 -10.70905 12.3113 
-5.449509 -10.5156 12.39468 
-5.566516 -10.41385 12.26972 
-5.250674 -10.26696 12.23524 
-4.868073 -10.11542 12.31805 
-3.531738 -10.06956 12.43372 
-4.637498 -9.858751 12.26876 
-4.269904 -9.648292 12.27518 
-3.648715 -9.714211 12.26119 
-3.470989 -9.608055 12.11015 
-4.042389 -9.451874 12.38138 
-3.686021 -9.353092 12.27269 
-3.313737 -9.254279 12.21602 
-11.19176 -14.57072 12.62808 
-10.73716 -14.57268 12.84898 
-11.13177 -14.25429 12.58007 
-10.79124 -14.22668 12.70984 
-10.34135 -14.17826 12.8433 
-9.922005 -14.01453 12.92294 
-8.560905 -14.28193 12.98241 
-10.63968 -13.90253 12.64532 
-10.19281 -13.82094 12.70424 
-9.757021 -13.7246 12.74819 
-9.369157 -13.63693 12.87541 
-9.647914 -13.41524 12.57244 
-9.212572 -13.32262 12.72409 
-8.779663 -13.17646 12.79208 
-8.355597 -13.04432 12.92411 
-8.661343 -12.93214 12.70625 
-8.269467 -12.74479 12.72442 
-7.764236 -12.67018 12.82811 
-7.396042 -12.53072 12.85983 
-8.129105 -12.44521 12.58582 
-7.699218 -12.37607 12.67921 
-7.261267 -12.30101 12.77255 
-6.896607 -12.15617 12.81632 
-7.072861 -11.98031 12.56888 
-6.708822 -11.83935 12.70612 
-6.388406 -11.632 12.80577 
-6.177663 -11.33592 12.70049 
-5.835193 -11.15469 12.87149 
-5.667784 -10.80804 12.74889 
-5.32372 -10.65343 12.74307 
-4.991173 -10.5002 12.98639 
-5.506912 -10.49238 12.61743 
-5.178957 -10.35462 12.75667 
-4.860465 -10.13678 12.7613 
-4.254444 -10.08408 12.83598 
-3.829849 -10.05519 12.58878 
-4.640275 -9.891611 12.74629 
-4.25493 -9.669976 12.77597 
-3.763822 -9.679799 12.67059 
-4.119386 -9.436277 12.73657 
-3.719431 -9.317002 12.7549 
-3.408195 -9.163465 12.70869 
-10.5239 -14.63312 13.0173 
-10.29792 -14.53422 13.10781 
-10.14042 -14.27484 13.08762 
-9.759832 -14.17029 13.25012 
-9.408491 -14.11956 13.44978 
-8.626358 -14.22684 13.15927 
-9.70844 -13.85108 13.14862 
-9.260611 -13.7475 13.25092 
-8.760572 -13.67244 13.32582 
-8.388797 -13.57987 13.43614 
-9.198059 -13.45728 13.0304 
-8.68827 -13.33984 13.18546 
-8.277928 -13.25387 13.27721 
-7.793757 -13.16409 13.33814 
-7.41613 -13.07673 13.44702 
-8.26952 -12.93841 13.11143 
-7.650919 -12.81918 13.16047 
-7.27767 -12.72303 13.24463 
-6.904589 -12.55621 13.36411 
-7.107082 -12.40654 13.17097 
-6.77142 -12.25897 13.22712 
-6.413357 -12.10107 13.40273 
-6.567883 -11.90653 13.16629 
-6.26935 -11.73042 13.27994 
-5.947163 -11.53979 13.17482 
-6.080489 -11.39397 13.17506 
-5.777006 -11.17227 13.28822 
-5.609282 -10.87118 13.21759 
-5.318252 -10.69292 13.24068 
-5.141164 -10.37764 13.28068 
-4.80005 -10.18529 13.27255 
-4.440388 -10.03455 13.16251 
-4.647943 -9.845839 13.27645 
-4.289564 -9.693551 13.22377 
-3.904732 -9.533798 13.26964 
-4.141853 -9.432482 13.22594 
-3.759194 -9.353152 13.15249 
-3.329605 -9.23642 13.08444 
-9.16898 -14.1952 13.57906 
-8.796648 -14.08593 13.70439 
-9.118748 -13.83094 13.53451 
-8.699712 -13.77526 13.62805 
-8.260609 -13.71726 13.76264 
-7.886928 -13.61099 13.83235 
-8.173079 -13.42281 13.68385 
-7.712414 -13.29754 13.74106 
-7.394416 -13.13616 13.82378 
-7.182162 -12.77674 13.7418 
-6.837054 -12.60833 13.82367 
-6.671237 -12.33226 13.70176 
-6.376109 -12.12811 13.7742 
-6.143466 -11.77128 13.72698 
-5.908885 -11.56841 13.80153 
-6.048828 -11.47021 13.55121 
-5.747092 -11.25294 13.79222 
-5.493301 -11.00616 13.58261 
-5.568033 -10.94525 13.78995 
-5.333431 -10.70339 13.74837 
-5.099892 -10.39619 13.75496 
-4.830602 -10.16608 13.75364 
-4.65122 -9.83019 13.81451 
-4.335946 -9.715191 13.69185 
-3.992004 -9.441521 13.58948 
-8.071335 -13.71531 14.00896 
-7.658567 -13.58399 14.14056 
-7.605164 -13.36647 14.0821 
-7.252433 -13.16864 14.2106 
-6.926529 -13.00214 14.33041 
-7.109885 -12.86879 14.13773 
-6.776209 -12.69685 14.24674 
-6.372574 -12.50189 14.49002 
-6.603186 -12.40096 14.21154 
-6.349511 -12.18347 14.21927 
-6.116051 -11.84478 14.15884 
-5.908393 -11.61601 14.17506 
-5.700817 -11.25098 14.21685 
-5.540999 -10.9225 14.22603 
-5.335864 -10.73627 14.17773 
-5.1113 -10.3749 14.1552 
-4.885765 -10.13584 14.15174 
-4.748091 -9.84554 14.1442 
-4.4767 -9.70948 14.01947 
-6.942184 -13.03761 14.50879 
-6.53817 -12.63544 14.50351 
-6.13369 -12.12132 14.53687 
