-0.75641000 -0.63268101 0.00000000
-0.80069703 -0.56279498 0.00000000
-0.70053601 -0.66760403 0.00000000
-0.65935802 -0.73520899 0.00000000
-0.68876201 -0.73062903 0.00000000
-0.66325498 -0.74604499 0.00000000
-0.83434403 -0.46692300 0.00000000
-0.56478602 -0.77536303 0.00000000
-0.83649802 -0.44299799 0.00000000
-0.56689203 -0.78173298 0.00000000
-0.65203899 -0.54556698 0.00000000
-0.64917701 -0.57529700 0.00000000
-0.50262600 -0.76258200 0.00000000
-0.65691203 -0.49844500 0.00000000
-0.64079398 -0.55910301 0.00000000
-0.67677701 -0.50861400 0.00000000
-0.61780697 -0.60750800 0.00000000
-0.70150900 -0.43635699 0.00000000
-0.57869601 -0.60104698 0.00000000
-0.84686899 -0.33069599 0.00000000
-0.49867901 -0.66065198 0.00000000
-0.69811600 -0.38049299 0.00000000
-0.41302699 -0.83138603 0.00000000
-0.69900697 -0.36734599 0.00000000
-0.42326501 -0.83788300 0.00000000
-0.47845301 -0.62315398 0.00000000
-0.45692599 -0.63096499 0.00000000
-0.80963802 -0.20987900 0.00000000
-0.69785398 -0.32651901 0.00000000
-0.81844401 -0.24862100 0.00000000
-0.37011099 -0.67128301 0.00000000
-0.31955901 -0.65562499 0.00000000
-0.28049800 -0.83865303 0.00000000
-0.77642202 -0.19451700 0.00000000
-0.31882301 -0.65874898 0.00000000
-0.62699997 -0.29033601 0.00000000
-0.30326301 -0.69958299 0.00000000
-0.25824299 -0.85136598 0.00000000
-0.18275200 -0.81747901 0.00000000
-0.26139200 -0.67581099 0.00000000
-0.71067899 -0.14388300 0.00000000
-0.55695802 -0.20855001 0.00000000
-0.66449702 -0.09771760 0.00000000
-0.17282701 -0.81405902 0.00000000
-0.54180998 -0.19754800 0.00000000
-0.11499300 -0.82071698 0.00000000
-0.17138000 -0.67441303 0.00000000
-0.59987903 -0.06540380 0.00000000
-0.46728200 -0.20777100 0.00000000
-0.15984599 -0.65469301 0.00000000
-0.44718501 -0.18118100 0.00000000
-0.54381299 -0.07666630 0.00000000
-0.08586410 -0.69799501 0.00000000
-0.04749050 -0.81157500 0.00000000
-0.37342599 -0.22655199 0.00000000
-0.05330470 -0.84250998 0.00000000
-0.47734201 -0.05475920 0.00000000
-0.33293799 -0.19287001 0.00000000
-0.32702899 -0.21558601 0.00000000
-0.01675220 -0.79658097 0.00000000
-0.45573601 -0.04395780 0.00000000
-0.00058476 -0.66235697 0.00000000
-0.25490901 -0.16089900 0.00000000
-0.02366150 -0.67207801 0.00000000
-0.39726999 -0.05086670 0.00000000
-0.37860301 -0.04954400 0.00000000
-0.23093900 -0.17946699 0.00000000
0.05897900 -0.83046597 0.00000000
-0.37072700 -0.05470900 0.00000000
0.06576080 -0.66125399 0.00000000
0.08530360 -0.81310099 0.00000000
-0.84758198 0.30056900 0.00000000
0.13901000 -0.79830402 0.00000000
0.08435040 -0.60798901 0.00000000
-0.26894999 0.00139324 0.00000000
-0.89821500 0.33122799 0.00000000
-0.76726502 0.30749100 0.00000000
-0.11741700 -0.17016999 0.00000000
-0.88019800 0.34127799 0.00000000
-0.75719601 0.29492399 0.00000000
0.19441199 -0.77316302 0.00000000
-0.06943450 -0.14155200 0.00000000
-0.89822501 0.35848400 0.00000000
0.22217600 -0.79039198 0.00000000
-0.75516403 0.32435900 0.00000000
0.20231800 -0.74993402 0.00000000
-0.90401500 0.40820199 0.00000000
0.23183499 -0.76686400 0.00000000
0.19259200 -0.58519399 0.00000000
-0.03239450 -0.17010801 0.00000000
-0.71363997 0.39379999 0.00000000
0.28219101 -0.75164998 0.00000000
0.00236719 -0.13468800 0.00000000
0.30151600 -0.72035199 0.00000000
-0.65122199 0.40126199 0.00000000
-0.89390302 0.43445900 0.00000000
0.26079601 -0.57241702 0.00000000
-0.68129599 0.42339399 0.00000000
0.05050490 -0.14526001 0.00000000
0.31447700 -0.74763799 0.00000000
-0.87504601 0.46773201 0.00000000
-0.03355170 0.03262570 0.00000000
-0.62439799 0.41704100 0.00000000
-0.03415620 0.03410780 0.00000000
0.29066300 -0.54053599 0.00000000
0.31259999 -0.73300600 0.00000000
0.10475500 -0.14072900 0.00000000
0.32348099 -0.70255202 0.00000000
0.29345900 -0.55796701 0.00000000
-0.80728197 0.49859199 0.00000000
-0.62600899 0.42825401 0.00000000
-0.59220999 0.46096000 0.00000000
0.16535901 -0.14551499 0.00000000
0.02279690 0.04059660 0.00000000
-0.76741600 0.56634903 0.00000000
0.04317300 0.01997720 0.00000000
0.37716001 -0.69598502 0.00000000
-0.53706998 0.48259899 0.00000000
-0.74557197 0.56822699 0.00000000
0.39501399 -0.66295201 0.00000000
-0.73496097 0.57107103 0.00000000
-0.69765598 0.56999397 0.00000000
-0.68791997 0.62192702 0.00000000
0.12970901 0.02865560 0.00000000
0.23716100 -0.06109330 0.00000000
0.43391299 -0.64677799 0.00000000
-0.68113899 0.58178300 0.00000000
0.39597401 -0.44931999 0.00000000
-0.46458399 0.52463502 0.00000000
0.45553699 -0.60790998 0.00000000
0.49862400 -0.61347800 0.00000000
0.24886400 -0.07214150 0.00000000
-0.44481799 0.57657802 0.00000000
0.47842601 -0.58736098 0.00000000
0.21629100 0.05967500 0.00000000
0.28218400 -0.04378240 0.00000000
0.48159200 -0.43016499 0.00000000
-0.59317499 0.63030201 0.00000000
-0.38127601 0.57294899 0.00000000
0.30934799 -0.03052700 0.00000000
-0.40876099 0.55449700 0.00000000
-0.55543900 0.63931102 0.00000000
0.56277901 -0.55934697 0.00000000
-0.39199799 0.60866702 0.00000000
0.32140899 -0.06887070 0.00000000
0.52289498 -0.39145699 0.00000000
0.53319198 -0.53730702 0.00000000
0.51918799 -0.41311800 0.00000000
-0.32247701 0.61800200 0.00000000
-0.51475298 0.66754299 0.00000000
0.52584797 -0.48273301 0.00000000
-0.30872500 0.62410700 0.00000000
0.27847600 0.12302600 0.00000000
-0.50278503 0.70869702 0.00000000
-0.26808801 0.59000498 0.00000000
-0.45854101 0.73229599 0.00000000
0.32955500 0.11116600 0.00000000
0.40005800 -0.02162600 0.00000000
-0.46435401 0.72567099 0.00000000
-0.23120099 0.59296000 0.00000000
0.32788900 0.14222600 0.00000000
-0.39528799 0.71990699 0.00000000
0.42477801 0.01403930 0.00000000
-0.39586300 0.76427501 0.00000000
-0.33504900 0.72247201 0.00000000
-0.14304000 0.60916698 0.00000000
-0.11641800 0.64296901 0.00000000
0.45775300 0.03837910 0.00000000
-0.09206040 0.64378500 0.00000000
-0.27302700 0.77272099 0.00000000
0.36610499 0.19619700 0.00000000
-0.06907600 0.61377698 0.00000000
0.51164198 0.06416220 0.00000000
-0.24208100 0.75550801 0.00000000
0.37132499 0.22045900 0.00000000
-0.23180300 0.73996103 0.00000000
0.00335949 0.65528297 0.00000000
-0.19304600 0.79090399 0.00000000
0.41885900 0.21493600 0.00000000
0.53338498 0.10950500 0.00000000
0.06343210 0.62649602 0.00000000
-0.19812800 0.79832000 0.00000000
0.51089603 0.12821800 0.00000000
0.08602900 0.64984798 0.00000000
0.09361440 0.63481402 0.00000000
0.54383802 0.18914101 0.00000000
0.15320100 0.61937797 0.00000000
0.39303601 0.33232400 0.00000000
-0.05625020 0.80093098 0.00000000
0.15401800 0.60431403 0.00000000
0.57732898 0.18992101 0.00000000
0.18098199 0.60974097 0.00000000
-0.02762110 0.80344498 0.00000000
0.38125601 0.40123701 0.00000000
-0.02960260 0.77729601 0.00000000
0.22105201 0.58097500 0.00000000
0.55270898 0.18242100 0.00000000
0.20890801 0.59863299 0.00000000
0.42417100 0.45249501 0.00000000
0.23860601 0.58251399 0.00000000
0.28043199 0.55750102 0.00000000
0.26398900 0.57345802 0.00000000
0.28360701 0.52100998 0.00000000
0.35742599 0.54115802 0.00000000
0.00844003 0.75766098 0.00000000
0.55760700 0.25581601 0.00000000
0.58725202 0.31365299 0.00000000
0.59248197 0.30878401 0.00000000
0.11275600 0.75707799 0.00000000
0.17561001 0.73693001 0.00000000
0.55737400 0.36731699 0.00000000
0.26011199 0.71741003 0.00000000
0.29520199 0.73443401 0.00000000
0.55688000 0.45291799 0.00000000
0.57213098 0.42898601 0.00000000
0.57735199 0.48670200 0.00000000
0.33788699 0.69798702 0.00000000
0.57330501 0.51909900 0.00000000
0.38712800 0.64738798 0.00000000
0.40142101 0.65188199 0.00000000
0.50056201 0.57275200 0.00000000
0.52568400 0.56672901 0.00000000
0.44421899 0.65000701 0.00000000
0.43881199 0.66472900 0.00000000
0.50390297 0.59651202 0.00000000
0.01741590 -0.04196500 0.00000000
-0.05853800 0.73970401 0.00000000
0.54339802 0.05542150 0.00000000
-0.73050600 0.47081599 0.00000000
0.37214401 0.00165993 0.00000000
-0.35834000 0.53551400 0.00000000
0.38887399 0.50043398 0.00000000
0.17016999 -0.66671097 0.00000000
-0.74882001 -0.45509300 0.00000000
-0.40268901 -0.77056402 0.00000000
-0.31802201 0.59844500 0.00000000
0.54714501 -0.44720799 0.00000000
-0.06467940 -0.78932500 0.00000000
-0.13453799 -0.80353999 0.00000000
-0.80107099 -0.52832502 0.00000000
0.05126060 -0.13437700 0.00000000
0.37231901 0.68162698 0.00000000
0.12025200 0.02382490 0.00000000
0.11638200 -0.67378300 0.00000000
0.33611101 -0.56705499 0.00000000
0.23009899 -0.57938200 0.00000000
0.33878899 -0.65916198 0.00000000
-0.42125401 -0.11169800 0.00000000
0.16382000 0.78451103 0.00000000
-0.00252555 -0.63943702 0.00000000
0.21369199 0.62380499 0.00000000
-0.14080100 -0.79625601 0.00000000
-0.09054510 0.76206100 0.00000000
0.33604699 -0.59150499 0.00000000
-0.26592100 -0.87097400 0.00000000
-0.52867800 0.56562698 0.00000000
-0.70795202 0.38691601 0.00000000
-0.23899400 0.60862201 0.00000000
0.56354803 0.24461800 0.00000000
-0.70652097 -0.34393501 0.00000000
-0.82657498 -0.33482400 0.00000000
0.12474800 -0.77568603 0.00000000
-0.14128301 0.73634899 0.00000000
0.28030100 -0.01767270 0.00000000
-0.61363500 -0.25564700 0.00000000
0.14354800 -0.78209102 0.00000000
-0.53285497 0.46974900 0.00000000
