0.04064246507 0.05522062691 0.1118927757
0.295955505 0.215016354 1.1119007
0.264517309 0.2872312465 2.217036193
0.2730853464 0.1451366267 3.29866893
0.2784796867 0.17968647 4.098279568
0.2187292438 0.2158683969 5.001224853
0.2792010638 0.2148975902 6.280187473
0.1648430527 0.09198486448 7.173866554
0.02003430032 0.2656797156 8.242484263
0.1940322633 0.09544634323 9.215820336
0.04100911407 1.111276334 0.1700843925
0.269693479 1.221191104 1.246370166
0.02336987245 1.263693441 2.160576366
0.0544946446 1.003212975 3.114998441
0.09045755692 1.225920974 4.25427557
0.1142596562 1.096032549 5.193345801
0.2435937858 1.284875137 6.280584483
0.1449681942 1.265670675 7.282680325
0.0866527829 1.187817224 8.037188912
0.1820919483 1.195957875 9.152331943
0.0171297917 2.132824804 0.05620304575
0.2645332515 2.096962464 1.192928331
0.2325340358 2.086926879 2.193375763
0.04359699334 2.037979158 3.049613373
0.1347670995 2.051206577 4.248535078
0.06671561972 2.126886805 5.058577365
0.2325851422 2.259593794 6.069572058
0.2425441096 2.165871331 7.211859212
0.0780743392 2.067892835 8.02126363
0.28900736 2.098217198 9.118863859
0.2093694848 3.055582127 0.1733833674
0.2785603777 3.215629136 1.280357907
0.1290547957 3.013913394 2.278942063
0.2153825869 3.290853849 3.06735657
0.2995186019 3.248389652 4.148564815
0.1358433081 3.147313667 5.072304912
0.2211183214 3.097068051 6.278584254
0.1469082921 3.014969254 7.028588085
0.1343576451 3.210787195 8.16588669
0.1187401416 3.211108905 9.069171383
0.155466493 4.053347751 0.1843539236
0.01179422056 4.192273191 1.215154744
0.01167824289 4.143570914 2.245190981
0.09945815701 4.114069505 3.187516695
0.09933522073 4.253443205 4.214265296
0.1027779977 4.292649072 5.276809024
0.2954061447 4.051244111 6.185173493
0.295551585 4.045378937 7.120408608
0.03168169775 4.149315477 8.182716079
0.2154370489 4.11540956 9.085192798
0.2092529759 5.063600999 0.01066301711
0.1421174895 5.077682059 1.169328657
0.2167676016 5.246092305 2.296637075
0.05006381804 5.057145449 3.041251059
0.2997212741 5.245926271 4.208089948
0.03890128417 5.227808719 5.098530636
0.028282396 5.200823064 6.17461651
0.08599251215 5.189631439 7.177719786
0.2136399832 5.127802011 8.059403537
0.005287521243 5.131990791 9.222944083
0.1219601129 6.025709336 0.213442248
0.03669273214 6.078120592 1.059879868
0.09041976737 6.162272257 2.013840149
0.08805450743 6.146663269 3.280887385
0.1470118151 6.234209064 4.09229779
0.2356299894 6.13250815 5.05928546
0.2878770935 6.086577467 6.162298659
0.2451878699 6.095215449 7.060370582
0.01189823397 6.203583661 8.250647263
0.1552694468 6.205566925 9.147159775
0.2359433102 7.061947907 0.0347623997
0.2200605184 7.175340132 1.133844454
0.2086173771 7.092003774 2.054926941
0.06288029705 7.206399265 3.0938591
0.1644417197 7.050266815 4.217030974
0.189000772 7.165378193 5.126661989
0.2939766001 7.1645892 6.236864579
0.2911478855 7.256547386 7.243956107
0.09365773125 7.261327055 8.065392294
0.05750071499 7.26973764 9.014266528
0.2118848513 8.254161473 0.2363172321
0.2571438507 8.140953502 1.2131971
0.2022802503 8.228761126 2.29780479
0.04552927498 8.047780267 3.102697224
0.2955085488 8.040116578 4.00688636
0.007289316428 8.277084532 5.040389205
0.1000991414 8.284416315 6.264910514
0.2995783964 8.234986517 7.267930907
0.2238246887 8.035840905 8.03956883
0.1019395909 8.121335258 9.026140551
0.102977979 9.027407145 0.09202644578
0.2824998842 9.125479561 1.245158944
0.2855462569 9.22460432 2.073308083
0.1078510517 9.086081564 3.066046526
0.2375853033 9.044467363 4.094122548
0.1848859123 9.221233791 5.179190291
0.2441079806 9.157758354 6.246776665
0.1328636096 9.083009089 7.256913176
0.07452146263 9.193182702 8.242407838
0.02722160652 9.071707833 9.192012312
1.269957467 0.04674360372 0.1451793577
1.065888336 0.03758124692 1.265547554
1.271975547 0.2130827421 2.019228416
1.0188787 0.04194042332 3.191833647
1.179800386 0.00303286858 4.296799993
1.19114415 0.147548502 5.279043865
1.272954813 0.2727079006 6.219641761
1.04607085 0.236531553 7.251640063
1.289159626 0.008586219545 8.17243826
1.209157694 0.0401118612 9.133824523
1.089981765 1.127557097 0.1029861696
1.226669716 1.290429542 1.134955388
1.223857807 1.073242515 2.110790116
1.067408157 1.223983575 3.020224432
1.029421155 1.143244753 4.257487187
1.139499477 1.084904941 5.033239148
1.086946347 1.252478234 6.109473545
1.186250086 1.038993426 7.161332232
1.270030396 1.025366478 8.026864672
1.217766748 1.288068035 9.022858968
1.224883885 2.296578316 0.01525057231
1.154770406 2.112145392 1.116078295
1.245373362 2.047324748 2.112815231
1.237202104 2.113746099 3.158521446
1.207440776 2.013907825 4.246284387
1.152594425 2.298789931 5.09771856
1.073517324 2.238293662 6.177374679
1.152481539 2.192487191 7.125468206
1.038234517 2.296118555 8.049866549
1.158422442 2.153670205 9.292496828
1.253088685 3.029729777 0.2675923579
1.192691081 3.010106637 1.034574644
1.019809257 3.153046488 2.119915373
1.266609062 3.110009871 3.140945497
1.026924001 3.279077563 4.039097556
1.029661304 3.195402178 5.202390335
1.209112731 3.104958481 6.188268456
1.109189361 3.249490336 7.142876069
1.254601032 3.148454081 8.194249916
1.274761883 3.151089727 9.169757584
1.237797687 4.242019611 0.2972188902
1.04574433 4.288658294 1.197176363
1.018376386 4.015554606 2.025479644
1.096127603 4.119516009 3.207153547
1.006872709 4.103157395 4.052494121
1.183495188 4.006015847 5.058002848
1.107359365 4.259208956 6.013751988
1.195936599 4.137583142 7.186324657
1.254682581 4.031370942 8.195341584
1.023721246 4.041999252 9.094727715
1.161527668 5.119040999 0.07968579018
1.242368499 5.131948062 1.156881735
1.149480649 5.217483162 2.217561244
1.285872197 5.256677984 3.235201439
1.244214374 5.248239661 4.227058165
1.202498491 5.129324506 5.263267083
1.293492848 5.08137037 6.105528128
1.200088115 5.287003226 7.12732192
1.053217327 5.225718161 8.026426222
1.084326063 5.238731427 9.286995742
1.007448372 6.228001009 0.2321074289
1.023861191 6.026925131 1.061645882
1.001322106 6.064750615 2.011078339
1.247538769 6.108520617 3.17641435
1.122020229 6.00506167 4.262222437
1.157843199 6.070891296 5.08962785
1.202968223 6.041369274 6.17508075
1.212256112 6.153431745 7.021894222
1.019828422 6.053548094 8.123199511
1.0436 6.149814435 9.23713527
1.294360348 7.223030093 0.2293938429
1.252188994 7.002148561 1.264848293
1.095050807 7.030508543 2.258517885
1.264335565 7.143513362 3.047653261
1.18728681 7.262930521 4.099884512
1.298177728 7.189910977 5.21058165
1.221107143 7.254336744 6.201836744
1.128117961 7.246058247 7.026066586
1.141833817 7.150172955 8.274941852
1.026236757 7.158146577 9.035132519
1.158804392 8.06530769 0.2511885396
1.080745561 8.039757212 1.236587601
1.241411738 8.25773259 2.220113565
1.076651642 8.269634278 3.077512219
1.01165044 8.116999 4.259070134
1.021808806 8.243011578 5.081380589
1.113295443 8.126457529 6.129905541
1.017641089 8.186419163 7.08321953
1.176655008 8.086616641 8.256554303
1.124262633 8.244758728 9.106223056
1.294255548 9.054211702 0.05184593438
1.102576907 9.003319132 1.264323404
1.04416177 9.282040606 2.26707353
1.025039609 9.26978316 3.008280323
1.14323411 9.224746116 4.026631633
1.268521383 9.263159109 5.159018831
1.153709921 9.150030708 6.086510781
1.289163753 9.10027311 7.043586958
1.025255474 9.169985248 8.290150443
1.159753386 9.211812611 9.03388519
2.208920135 0.08827957686 0.08170633306
2.069666423 0.2110525625 1.113551417
2.16789073 0.189071425 2.115047304
2.033402412 0.1399723466 3.189603712
2.20548495 0.09121675135 4.166187015
2.14749426 0.2002870085 5.1264349
2.247691087 0.170788496 6.022408829
2.276938904 0.1729131625 7.1367964
2.082074231 0.0820067636 8.202031202
2.297161481 0.02459799536 9.239435413
2.164307948 1.05443243 0.2852620436
2.155467961 1.080986224 1.094488695
2.274003118 1.181433674 2.052968068
2.106947666 1.080064726 3.040611676
2.271588793 1.182092191 4.181038051
2.298498563 1.193898285 5.101450213
2.206753748 1.291570036 6.01177902
2.083771318 1.287281988 7.258201239
2.161915267 1.047093015 8.155560924
2.052577881 1.27534245 9.28251633
2.061864082 2.112253233 0.2949112935
2.00358113 2.041931406 1.155730273
2.190015534 2.200482205 2.19221526
2.188134726 2.211230005 3.25774137
2.034078075 2.220248388 4.175241989
2.266636964 2.138353756 5.002933484
2.070138051 2.196231131 6.150590872
2.14512536 2.222142538 7.147240243
2.29345395 2.227080732 8.114463157
2.000110579 2.170146047 9.297049053
2.119903942 3.147717069 0.2759298048
2.224890586 3.073012873 1.206335546
2.037065971 3.281514657 2.222985547
2.158489145 3.03349424 3.254160014
2.258133929 3.243200782 4.111482515
2.041073277 3.048524208 5.189338197
2.227915973 3.211798863 6.004107181
2.118038952 3.216754923 7.244001492
2.087521743 3.060230505 8.000644736
2.011461694 3.293731034 9.005125518
2.193327599 4.180749041 0.1507507335
2.286488738 4.015419778 1.285136249
2.20641625 4.179919092 2.109176227
2.279541974 4.216106446 3.057236762
2.127246675 4.159639882 4.111717807
2.261893689 4.109112863 5.282460054
2.11908664 4.280986603 6.20067333
2.031343537 4.019995909 7.211643912
2.181905988 4.071289028 8.182392243
2.199286252 4.002054778 9.017517959
2.220401525 5.033464251 0.2227699369
2.24461981 5.250827665 1.181059621
2.142401794 5.128910502 2.026707587
2.253701268 5.179995001 3.291168081
2.012953065 5.149248108 4.085697272
2.218932129 5.130562825 5.13609546
2.129606483 5.0533648 6.056686583
2.092932381 5.088075315 7.241525087
2.275635133 5.281737549 8.252662494
2.224601495 5.079736821 9.111098754
2.209465048 6.274965654 0.2808067706
2.079801822 6.260146781 1.239863177
2.141516497 6.061612492 2.275319284
2.064897739 6.203434296 3.013918448
2.254414798 6.050311266 4.164985974
2.192632107 6.043444555 5.230831993
2.162088035 6.002925166 6.174474294
2.148964258 6.160021117 7.236772662
2.182812444 6.169334985 8.278790195
2.255671897 6.180154565 9.037188418
2.057502202 7.093893314 0.04148931929
2.058534369 7.284232639 1.093861034
2.183229077 7.215756854 2.183237084
2.272429721 7.292353221 3.268937886
2.202707299 7.237197747 4.191651685
2.238369987 7.024075027 5.288285921
2.02061934 7.182283185 6.283776761
2.217234323 7.039935672 7.002574217
2.121994082 7.212005889 8.202252726
2.24740729 7.007405718 9.032711415
2.031022261 8.156151913 0.0754260494
2.019837539 8.078599576 1.216101573
2.037945399 8.217607936 2.122461623
2.058317238 8.088715948 3.261646335
2.251031982 8.093025417 4.100131232
2.113936028 8.216748352 5.058594216
2.136539713 8.031548428 6.267276325
2.186575426 8.172750045 7.219003653
2.126683263 8.000305971 8.179315412
2.122888968 8.287664646 9.034304563
2.037251333 9.055558475 0.2902899084
2.119565064 9.1679039 1.010312561
2.248323167 9.160454382 2.079680801
2.020356793 9.134608012 3.276004398
2.024224882 9.119714698 4.207106413
2.207321279 9.173313395 5.113318857
2.162962096 9.137414115 6.073945151
2.02947922 9.276806442 7.260122562
2.177694124 9.105461753 8.12378162
2.002802712 9.293054858 9.127953101
3.056977496 0.008468883004 0.02982331231
3.146449881 0.2145533545 1.040495623
3.088017473 0.005009721485 2.191033137
3.107322661 0.2216806078 3.005936447
3.248044564 0.07425861742 4.160479709
3.218704765 0.1334875857 5.228994495
3.262805543 0.1544527394 6.266247537
3.001826823 0.1017181833 7.273416954
3.110242743 0.156072795 8.209355049
3.036071794 0.01127516431 9.032185268
3.282167416 1.132655413 0.02480427792
3.018951727 1.139342236 1.046720954
3.107397818 1.297077987 2.299522416
3.200439041 1.101556205 3.037966324
3.032705739 1.289688509 4.26720799
3.109929374 1.050607187 5.180306871
3.191081245 1.254225533 6.193248175
3.258218857 1.06648723 7.016985707
3.095800987 1.180390601 8.097062687
3.021882695 1.11358491 9.267138789
3.099410867 2.14423742 0.2300647562
3.095327759 2.258229519 1.192449085
3.238298901 2.008669445 2.189788617
3.296060398 2.200749241 3.010504422
3.023800102 2.00141333 4.26262137
3.074040146 2.064936899 5.049825532
3.232732805 2.194138386 6.151226382
3.107700382 2.17676643 7.255162627
3.126101359 2.209687831 8.13639542
3.115724059 2.019013996 9.101587253
3.076554753 3.152225174 0.1019722987
3.066767105 3.048881818 1.161917111
3.106080733 3.026343122 2.066951918
3.121322043 3.210117123 3.18443939
3.013592851 3.084546049 4.102654949
3.285341981 3.047980777 5.193545258
3.17408142 3.016879473 6.028627958
3.290334476 3.204914767 7.299858843
3.13309413 3.046072907 8.029153488
3.251823854 3.266453969 9.183672108
3.253439669 4.200238759 0.03850207193
3.034171046 4.061283872 1.197294028
3.075754243 4.267410953 2.192515778
3.086218706 4.163755381 3.284458586
3.183604088 4.206886527 4.013356199
3.216049126 4.224000465 5.05263506
3.080322961 4.081857392 6.147446465
3.101966579 4.132072008 7.002557178
3.242669154 4.210020133 8.192134474
3.212513579 4.029975167 9.29104198
3.100869191 5.171830547 0.008164696192
3.275406907 5.182984192 1.066680392
3.100042774 5.293770227 2.025532904
3.005660685 5.17520844 3.278312249
3.229998594 5.142653829 4.239442424
3.018290346 5.074875249 5.296745733
3.047027776 5.097456836 6.177590953
3.203423569 5.106376306 7.00092362
3.19507165 5.154941502 8.051678637
3.298692819 5.167579377 9.252112987
3.068935085 6.246281707 0.1582050898
3.288596859 6.261908707 1.094539922
3.247667326 6.278925037 2.269956992
3.084525496 6.29120058 3.096385211
3.050375738 6.256959461 4.010695408
3.161563925 6.244367618 5.012839261
3.22909779 6.188169279 6.180901852
3.121728207 6.21421133 7.063204054
3.029443432 6.045544626 8.028099289
3.256541438 6.161511531 9.070711881
3.04079698 7.218319069 0.1690665024
3.044096116 7.297564777 1.231165862
3.023764382 7.058174081 2.228753649
3.212094946 7.048605326 3.049091436
3.031381786 7.062961458 4.193790643
3.282436189 7.158433468 5.262774618
3.150005895 7.265836775 6.077134531
3.020071822 7.118985581 7.23674483
3.1565867 7.077233057 8.047722272
3.191236759 7.293047987 9.143361321
3.017962211 8.074068356 0.1884017844
3.055377627 8.285756086 1.296136212
3.018970947 8.059153712 2.086170268
3.105501191 8.050886941 3.034324764
3.076348168 8.139677684 4.27886098
3.087726142 8.057450466 5.274114509
3.073691425 8.289392728 6.164878691
3.191960306 8.276744795 7.146264402
3.17987858 8.254381904 8.067707484
3.217826327 8.239450082 9.071504961
3.017734615 9.261806656 0.04184685439
3.193397577 9.105582817 1.295690325
3.147542937 9.025681154 2.057907767
3.096118774 9.025373289 3.166114627
3.054895047 9.136553796 4.12316458
3.158085368 9.051419772 5.163532156
3.066742483 9.199867464 6.084897289
3.015914038 9.253469524 7.272470059
3.240584629 9.156369904 8.157005691
3.234560537 9.106803 9.140604157
4.032810473 0.00978212654 0.06195125662
4.246816087 0.09574693145 1.196749741
4.259749203 0.1287594196 2.096865455
4.025683564 0.01814135541 3.074409529
4.273871949 0.2382672857 4.155820994
4.230256021 0.08553487764 5.082009191
4.287325134 0.1013427077 6.208923117
4.075851064 0.2494106261 7.113718398
4.249303718 0.2318580523 8.176327839
4.119074568 0.02476931304 9.259247781
4.100116584 1.072772024 0.002131894442
4.024594706 1.225844274 1.277457619
4.104304217 1.042301305 2.220199787
4.032001959 1.049754863 3.238659772
4.296965991 1.230701952 4.235715276
4.047527051 1.00335247 5.04721274
4.13492706 1.136255494 6.220386215
4.166067109 1.133756857 7.039407504
4.24062071 1.118009579 8.081770709
4.267247498 1.181846171 9.294572459
4.206296631 2.082767087 0.06676289148
4.054938853 2.018955591 1.192165432
4.216119617 2.182664874 2.297860323
4.161218737 2.239152387 3.009422296
4.098754247 2.148292554 4.249435481
4.175599114 2.178496829 5.17805281
4.23628307 2.111833868 6.298091784
4.053017756 2.134219192 7.125503587
4.204648086 2.038611157 8.066111458
4.203621459 2.057003771 9.066281765
4.154822609 3.018461839 0.1406817409
4.274881171 3.120131934 1.154072513
4.011588066 3.047271726 2.260200831
4.045153465 3.202222865 3.056707889
4.156062896 3.18769886 4.140526872
4.223818955 3.191107155 5.056931836
4.227507331 3.003025806 6.057592716
4.112682221 3.080529937 7.258191852
4.108974676 3.069678789 8.089770792
4.096045137 3.021876704 9.199925347
4.045598798 4.263241387 0.1467248723
4.292468689 4.189179933 1.024314578
4.259196992 4.112158024 2.059787933
4.132684337 4.2487064 3.110516801
4.156640162 4.241568058 4.203166216
4.174715869 4.264428151 5.113042079
4.257345531 4.16781165 6.089056145
4.016099617 4.086697795 7.111626429
4.123730586 4.091000422 8.222292806
4.125317779 4.250700726 9.255117655
4.230835258 5.266140432 0.2363186323
4.080279784 5.000202143 1.29356663
4.192185668 5.101907621 2.0651119
4.222591729 5.257916077 3.215375595
4.109885352 5.044942006 4.082588198
4.295443045 5.185597747 5.176816734
4.175004351 5.26543275 6.051215832
4.234328035 5.041799474 7.29321479
4.041408216 5.136966459 8.048553222
4.106375906 5.156971253 9.288411639
4.266228513 6.192540009 0.1016756615
4.212896583 6.070554874 1.153643434
4.189281397 6.041019338 2.263083904
4.247041189 6.259264285 3.079969168
4.143037787 6.099233666 4.211653491
4.068045516 6.27113898 5.291030265
4.140879066 6.225575023 6.054683539
4.238603064 6.160489619 7.029881472
4.136803536 6.059860451 8.170723631
4.258195378 6.145167203 9.254511038
4.193357622 7.068911632 0.1776778462
4.059362349 7.289246386 1.09324032
4.25935176 7.085395386 2.034630927
4.025409752 7.156403623 3.150515871
4.285129609 7.237356097 4.176140027
4.183468453 7.024563837 5.015505203
4.150505791 7.049770755 6.257674408
4.012311033 7.20717841 7.115756302
4.177268345 7.022086408 8.09825086
4.092033157 7.19459146 9.084248137
4.017350871 8.215442984 0.0182982901
4.291807074 8.242234859 1.064103256
4.2270244 8.152425155 2.113507488
4.151269459 8.056684508 3.164547433
4.210004406 8.188555554 4.240665803
4.004813342 8.005190998 5.132510035
4.102218675 8.146136589 6.145230727
4.223399426 8.04626318 7.226879258
4.219781832 8.180815489 8.282222727
4.196761582 8.138038191 9.20790335
4.03598706 9.290999732 0.1596308569
4.144436199 9.228332727 1.131901762
4.270591573 9.052438768 2.138263824
4.078325212 9.222703717 3.036190226
4.069490659 9.155549934 4.192052864
4.254505287 9.142828627 5.039073941
4.280186316 9.159618193 6.16751297
4.033424208 9.25266155 7.065412647
4.14487447 9.040156483 8.071661555
4.246287116 9.232119584 9.280758008
5.298709369 0.2404217128 0.1881772998
5.147669843 0.1423305114 1.011783832
5.131270578 0.2985889272 2.222096784
5.283185169 0.2104348244 3.217264937
5.124302762 0.01346044737 4.287398467
5.259315503 0.08760607441 5.110356619
5.243872134 0.03632016282 6.110691987
5.229833444 0.2697057497 7.136411757
5.010057905 0.2557875459 8.112392158
5.14798754 0.245331546 9.169249431
5.181610589 1.273207617 0.2667596436
5.086400521 1.122065109 1.268068682
5.160056248 1.281864495 2.16220436
5.141170511 1.042047981 3.02282576
5.280794977 1.22583271 4.248994223
5.292195296 1.136163383 5.019964388
5.013468361 1.068006936 6.197104357
5.115149403 1.272387015 7.188579096
5.068701667 1.287131651 8.263662398
5.168385225 1.262811889 9.231507298
5.242813452 2.098539568 0.1808507844
5.020531255 2.269719837 1.139622235
5.130576528 2.075956794 2.236695816
5.224621233 2.004476305 3.24366289
5.298019972 2.253860371 4.10353657
5.141674795 2.231301937 5.14737832
5.274815636 2.161595102 6.199765101
5.096497579 2.096729569 7.263207199
5.289455171 2.226908179 8.187810167
5.004986301 2.001877562 9.053028901
5.004674272 3.198324466 0.2985812285
5.156942848 3.142022146 1.17794568
5.073475209 3.194809483 2.26254567
5.104503371 3.118196299 3.144017112
5.05946394 3.033720601 4.05043579
5.06531515 3.135882673 5.246655681
5.171777156 3.117468982 6.029614042
5.240192892 3.169327754 7.248484853
5.247562678 3.202169435 8.214429055
5.204936038 3.25608967 9.290026769
5.247180818 4.109505942 0.2829673648
5.099035682 4.103494182 1.241809688
5.17558022 4.029199799 2.042880838
5.169153266 4.035780326 3.02663092
5.164248339 4.148054256 4.008784256
5.12873959 4.110696081 5.242247225
5.123605479 4.173223188 6.189268886
5.255754544 4.100986459 7.175670887
5.27502417 4.26578209 8.142071035
5.208606574 4.12245585 9.234006398
5.208209796 5.143271993 0.2794977488
5.276038779 5.087018989 1.044282538
5.141383854 5.226695576 2.28991499
5.168171606 5.105383044 3.092678863
5.077882179 5.218483951 4.102514102
5.146523005 5.033478246 5.107242496
5.092405189 5.119797004 6.295996568
5.285543199 5.085182103 7.212968794
5.003474933 5.226723699 8.099240293
5.199676056 5.090021286 9.154539965
5.256253144 6.076637247 0.2314047938
5.013314293 6.04307255 1.171775887
5.279212467 6.237813453 2.108604613
5.248024477 6.202129229 3.276696707
5.26671985 6.188634897 4.247794599
5.214336428 6.274463075 5.244920872
5.109248432 6.153049814 6.023640506
5.000811248 6.278134524 7.204844512
5.187041106 6.128913852 8.155925338
5.011922605 6.140413417 9.173826518
5.131722 7.045091801 0.2575670909
5.023637822 7.127648083 1.060928952
5.044839935 7.229846785 2.179934341
5.256104838 7.136170715 3.183281479
5.207222355 7.224469978 4.175468971
5.053549135 7.1199602 5.082605552
5.140713386 7.067685502 6.239134836
5.294274956 7.173063375 7.162350831
5.12929644 7.012360371 8.019884703
5.219090008 7.06623597 9.149390558
5.199096465 8.274863212 0.1480549727
5.165767907 8.272406001 1.124277634
5.122658051 8.197507606 2.049322049
5.107742576 8.078169577 3.093141959
5.18515559 8.250858125 4.198385978
5.257320526 8.283804222 5.006896914
5.172496764 8.059162393 6.033460111
5.135502827 8.04820697 7.093281192
5.236037508 8.001055561 8.177922609
5.068028494 8.283469034 9.284826766
5.143925776 9.262602 0.07044737138
5.04602971 9.236572248 1.26088023
5.153540379 9.142241608 2.124059983
5.240175389 9.220617789 3.113427063
5.145176768 9.273108375 4.272517074
5.060160101 9.105248338 5.272733231
5.25680572 9.175624849 6.295317106
5.020704582 9.071073508 7.2724693
5.158877693 9.210151376 8.184840867
5.117719326 9.121040246 9.259795419
6.174557807 0.06394596915 0.1373865627
6.080477937 0.2581385132 1.081322171
6.115062982 0.1708976398 2.072824185
6.029447998 0.1756117119 3.25328829
6.175449343 0.1691107621 4.146763732
6.280682626 0.01639542666 5.185172765
6.135092727 0.147251045 6.270610505
6.169510322 0.2023705913 7.063301248
6.295061712 0.2837202526 8.004686151
6.275746879 0.2408066934 9.111651393
6.013759461 1.299140835 0.2608956715
6.179741682 1.129005669 1.279295727
6.282857261 1.079776287 2.108788729
6.176347281 1.054334021 3.073577964
6.090104297 1.06520002 4.243518196
6.144200859 1.127699841 5.181013024
6.103512851 1.201596748 6.094173216
6.228526787 1.23477485 7.045539957
6.076632143 1.023542807 8.16501412
6.213423093 1.178255782 9.141369053
6.286925111 2.099237269 0.1302141044
6.286328001 2.291616884 1.060480029
6.228313571 2.262845814 2.054817235
6.222501252 2.143897854 3.156636162
6.181266354 2.297994369 4.035257362
6.170160794 2.077191413 5.251859418
6.276789736 2.154523518 6.134500701
6.034348017 2.031552088 7.047016117
6.186357118 2.08838467 8.293826234
6.029318274 2.172251355 9.102730282
6.07323342 3.12200847 0.1661199451
6.149968496 3.12246655 1.111168736
6.258772182 3.135253153 2.178495141
6.219218388 3.225721696 3.194215676
6.285602645 3.049690539 4.03903658
6.060134516 3.096683236 5.259672347
6.147382133 3.279130487 6.289240833
6.20612561 3.256050127 7.17072787
6.0315187 3.060357518 8.02589482
6.050259799 3.212902047 9.106818871
6.296562365 4.270104262 0.1682211357
6.295380303 4.031445574 1.280490563
6.005128217 4.121247616 2.059089684
6.173140021 4.132279517 3.273285664
6.201478532 4.25233261 4.055652322
6.193050029 4.151296002 5.299094023
6.294671601 4.086331417 6.056055778
6.203211861 4.261460291 7.214534461
6.248405241 4.008104965 8.049356927
6.289317845 4.085556832 9.025901558
6.08633915 5.221559744 0.1703020593
6.085271612 5.069291875 1.223333817
6.256513117 5.158685289 2.019546406
6.043613402 5.177149254 3.045891368
6.011924175 5.01119132 4.232653621
6.09872896 5.033372314 5.152997306
6.267179705 5.207113069 6.227278601
6.145585153 5.081086513 7.101356756
6.082093419 5.031910605 8.227559398
6.199952739 5.267738735 9.173826087
6.279418175 6.176868143 0.2898879466
6.228808949 6.041390186 1.039949869
6.202118275 6.105245945 2.195841949
6.149919357 6.062289101 3.076252004
6.119530854 6.20580504 4.223420727
6.114067585 6.055978996 5.207950793
6.266933204 6.103586334 6.034525948
6.225637873 6.263815956 7.074750247
6.124326283 6.198175022 8.197967641
6.103522921 6.079170157 9.13246688
6.230871057 7.237124993 0.2751351725
6.218565709 7.254441196 1.293949728
6.0827537 7.046350838 2.01644
6.074803832 7.05184102 3.242826034
6.073697698 7.231268836 4.257819352
6.220136333 7.236981151 5.133337874
6.094093812 7.095322494 6.1528012
6.085045773 7.018145542 7.203792874
6.030459059 7.105771961 8.086100577
6.223067211 7.109303607 9.192583312
6.278600365 8.11558902 0.229967866
6.137010956 8.083577457 1.163205984
6.066947465 8.28568833 2.167563373
6.172465084 8.036417519 3.124530584
6.212869762 8.193914344 4.266727971
6.135494679 8.051387601 5.201537328
6.241030636 8.270085548 6.232725988
6.211507801 8.125925697 7.079666402
6.029572588 8.269598623 8.28950549
6.066045792 8.020389598 9.142298508
6.176239956 9.218374101 0.121896495
6.212920556 9.039165725 1.15419237
6.223811053 9.165973079 2.272877452
6.190356062 9.041027128 3.033194943
6.0653966 9.129452523 4.182623228
6.287509103 9.016015661 5.163018588
6.10125419 9.030939946 6.091105233
6.027811416 9.090350028 7.161926211
6.138999273 9.285865494 8.168606047
6.181994671 9.194770177 9.287130211
7.05195729 0.1537819605 0.1155546346
7.231055419 0.2229397017 1.252349957
7.009814571 0.2402420919 2.132090174
7.037434647 0.02546835038 3.287906567
7.204257992 0.2428218722 4.223737504
7.196255964 0.1712014128 5.114792609
7.163194039 0.2385638259 6.230879522
7.11791039 0.1032787461 7.129385155
7.197845468 0.009054714303 8.089115717
7.206728763 0.1982244769 9.105016246
7.200038255 1.000091978 0.1420598696
7.118888355 1.141668439 1.134794697
7.179377861 1.059507695 2.227034969
7.073826349 1.143733289 3.232745385
7.036032008 1.144447663 4.038617068
7.028282108 1.241688714 5.186408493
7.264808625 1.274141877 6.109550771
7.14996564 1.115501483 7.175217856
7.209508134 1.245167007 8.142117016
7.115422894 1.10173914 9.087185501
7.287126449 2.258244466 0.2618793145
7.018246761 2.290063491 1.057529218
7.290606608 2.250242306 2.06389772
7.201331409 2.120684697 3.255189118
7.071653982 2.243834859 4.130551775
7.277833536 2.083499014 5.02881416
7.265244533 2.147490716 6.293315363
7.137136034 2.261319841 7.090725364
7.118676242 2.071610973 8.157709294
7.10552685 2.028744805 9.221433601
7.1452032 3.088577968 0.1996253991
7.054182769 3.189558767 1.218991924
7.250048272 3.151425717 2.096320754
7.264501917 3.051520858 3.119231592
7.226199965 3.132221589 4.068627609
7.113189792 3.023914139 5.013318622
7.234800973 3.18074924 6.069808945
7.234355343 3.068375764 7.26827312
7.293100641 3.133032703 8.232114523
7.12349677 3.283580141 9.202246297
7.058106574 4.209072897 0.2142876901
7.157049225 4.026287785 1.158319338
7.261970843 4.090135832 2.030955057
7.059660642 4.236037543 3.109989915
7.10670816 4.011493389 4.095859696
7.127839411 4.248897104 5.111574521
7.283259724 4.064665789 6.028977379
7.105289506 4.002711094 7.246194422
7.219419766 4.037038967 8.198853129
7.144397979 4.01062848 9.213425362
7.147842592 5.171403466 0.08798050435
7.053749009 5.004749109 1.269292432
7.085343756 5.20786646 2.087804299
7.195437062 5.026906072 3.180060707
7.230498889 5.149769485 4.125611482
7.148455339 5.196719565 5.073704106
7.029063067 5.172127593 6.280371254
7.160192623 5.08601181 7.110086182
7.261400333 5.127185767 8.163549439
7.054781656 5.160198261 9.056349604
7.116286881 6.086998431 0.1373472746
7.05905992 6.219258985 1.22428155
7.081192834 6.13602944 2.192220046
7.229705222 6.22860051 3.268709956
7.223167575 6.197335021 4.009336333
7.049615375 6.259246857 5.037283104
7.163855233 6.086458573 6.124458713
7.065342065 6.163069033 7.013144204
7.093528201 6.258348001 8.003001239
7.151297368 6.149514792 9.22554504
7.027113798 7.209219306 0.277950386
7.061871826 7.047811322 1.205814457
7.045894367 7.058330986 2.086355064
7.031393882 7.01441411 3.060935884
7.100455859 7.175888209 4.239075345
7.218243295 7.194352179 5.083537608
7.186564081 7.119206459 6.225474485
7.068295816 7.011138308 7.191666705
7.13930718 7.057948781 8.065045234
7.152374914 7.202799442 9.068526952
7.083526852 8.173562928 0.2874933246
7.236697739 8.017199807 1.153549206
7.192118182 8.19787654 2.055018973
7.09583602 8.291512503 3.195679151
7.12696097 8.136504125 4.067970896
7.294907746 8.173764075 5.013223618
7.037881542 8.259507054 6.22247126
7.268380529 8.278181847 7.14830189
7.12834474 8.274017799 8.269588967
7.034097136 8.212593146 9.226901999
7.26592287 9.152703191 0.1752846028
7.182929893 9.046317486 1.240736281
7.116437666 9.043636303 2.279050231
7.152612233 9.07054679 3.216148241
7.09791094 9.248519025 4.213608369
7.295846195 9.145626301 5.016691227
7.037844604 9.178217032 6.178868564
7.060887175 9.062328869 7.021304386
7.098988944 9.1099044 8.212593496
7.204854825 9.264925838 9.125713917
8.010056577 0.1496439163 0.2625498121
8.272322166 0.1472793367 1.270704459
8.210437114 0.03540263623 2.273202253
8.266604325 0.2968574226 3.010692209
8.126784552 0.09498818687 4.074340039
8.269140302 0.2612266246 5.184495399
8.239847673 0.0404326021 6.025039425
8.010451796 0.2698473767 7.094739674
8.080423799 0.1414374471 8.075533675
8.178843901 0.1161157079 9.000679608
8.258612919 1.036716566 0.04723738165
8.067638969 1.132317092 1.054426442
8.247750666 1.114812284 2.282026861
8.211154731 1.288610873 3.088375758
8.105814308 1.245523974 4.078476942
8.24300823 1.07953764 5.165785759
8.254012325 1.071251247 6.265121893
8.262201765 1.163361353 7.224439486
8.108062722 1.189209739 8.052978551
8.294397422 1.188961969 9.262184081
8.187792518 2.11067061 0.291304276
8.036046699 2.214101379 1.297423555
8.291653175 2.297166508 2.178425506
8.262183197 2.290989244 3.250949637
8.062251521 2.280208164 4.071896171
8.038444139 2.022010589 5.198958551
8.094256312 2.174659698 6.012650357
8.283808638 2.145191601 7.268767898
8.061548874 2.02669911 8.150853408
8.071135825 2.21261458 9.084578926
8.163019736 3.228778855 0.2707177919
8.251978183 3.189229184 1.138530319
8.042312638 3.268589856 2.268952546
8.111509645 3.001467441 3.224951848
8.168354156 3.105280433 4.130738385
8.215859358 3.17377175 5.02293422
8.003236257 3.163006505 6.010792642
8.231766713 3.024431387 7.188317077
8.21505121 3.046747545 8.267147497
8.237679178 3.124917803 9.077624898
8.25298339 4.033294201 0.246957627
8.06125459 4.202607968 1.031203091
8.154141707 4.115117286 2.282223827
8.128661923 4.219540265 3.040743318
8.272035743 4.013478258 4.078846328
8.221413046 4.039653536 5.237085814
8.235315238 4.2529366 6.172197742
8.088112061 4.081583811 7.202589696
8.093487238 4.18769197 8.27002028
8.005257793 4.012681118 9.037421719
8.052257482 5.010520271 0.03027009851
8.104867384 5.219925444 1.287824207
8.240884503 5.285904302 2.281879751
8.239841895 5.258141573 3.081428958
8.188054836 5.243176003 4.258604487
8.068619871 5.287364442 5.060239846
8.263206575 5.223184624 6.083055862
8.09881793 5.254558102 7.020191656
8.190258319 5.244393156 8.238273539
8.188270806 5.267048347 9.037669792
8.096360475 6.298857681 0.06837826452
8.220429102 6.280786965 1.000133837
8.179552548 6.134042823 2.205492294
8.0443206 6.250159102 3.077674967
8.296549503 6.136001631 4.078949894
8.295737403 6.119487542 5.060422248
8.005729314 6.174389805 6.247638322
8.04971855 6.021959564 7.274326305
8.250323693 6.153031842 8.063080226
8.274728971 6.016168202 9.015386168
8.190509137 7.142101746 0.1592116004
8.204626737 7.108082328 1.154947801
8.058667544 7.283927852 2.083125469
8.206977523 7.136931618 3.167363094
8.023823507 7.189408011 4.200882608
8.185541733 7.086387063 5.256074653
8.094437197 7.283132801 6.286080955
8.223009675 7.065840599 7.214386889
8.049020544 7.180462509 8.058272144
8.009495974 7.264688126 9.179399207
8.116873848 8.130699559 0.2649759003
8.061742169 8.092504258 1.027582882
8.294848158 8.234327359 2.268951924
8.091110629 8.279714363 3.011079229
8.060110353 8.238931102 4.139515354
8.003894351 8.151642775 5.274368585
8.0698172 8.211163936 6.06562884
8.121026634 8.102244927 7.16423737
8.184992238 8.222177628 8.088967399
8.150014497 8.270097576 9.071613799
8.267165566 9.111089659 0.2272318717
8.037393412 9.215827296 1.022132865
8.168262395 9.262428676 2.227324614
8.132314542 9.239466264 3.293056632
8.109089764 9.168968759 4.144788818
8.105445986 9.215718333 5.165286901
8.165857073 9.266704044 6.245229727
8.161341013 9.100069117 7.226414641
8.285311028 9.285840503 8.189974344
8.288919395 9.007504253 9.089450764
9.216452306 0.269640615 0.1376914473
9.047056698 0.2156963682 1.166730831
9.181497475 0.1175670991 2.019016936
9.038172666 0.1459589192 3.17823812
9.249056918 0.2390794784 4.179574826
9.123286733 0.2541857598 5.263165461
9.265353042 0.0274553227 6.138773417
9.126054698 0.1126800858 7.136084222
9.17965753 0.03678243629 8.236592528
9.078929868 0.02727424324 9.161467547
9.172586414 1.177084366 0.07158344025
9.283801725 1.27590984 1.03895596
9.127088925 1.040220914 2.035908716
9.140957461 1.047276584 3.093104811
9.245251762 1.024719201 4.176627872
9.159511 1.179841141 5.132846003
9.172240903 1.107586846 6.00627201
9.122241906 1.0757026 7.215270733
9.029782132 1.13639696 8.214170225
9.297515039 1.133246165 9.010891828
9.25762755 2.276665381 0.04794817291
9.269735508 2.18542236 1.22934063
9.081949737 2.27811183 2.124015527
9.207692068 2.035791049 3.201506265
9.206824424 2.162564441 4.033475409
9.243340947 2.082720681 5.03651771
9.19488696 2.030090726 6.048247423
9.222109154 2.226898877 7.153531092
9.125292273 2.104408855 8.289414787
9.12798537 2.000067169 9.117674505
9.187089304 3.253522855 0.1291365353
9.131407722 3.019227887 1.025264743
9.150194941 3.022182496 2.291639202
9.116080219 3.184179911 3.152383238
9.217708079 3.226428297 4.278920202
9.144232857 3.200818493 5.023164068
9.136421162 3.034544766 6.153842999
9.195582334 3.03347757 7.287775645
9.163739363 3.157134652 8.274295947
9.028817848 3.016870777 9.163689569
9.212897449 4.185947604 0.1915288461
9.116626846 4.076851981 1.265596757
9.082772495 4.058158656 2.29019991
9.027050344 4.29803229 3.273678917
9.130230075 4.114308819 4.081412836
9.098338013 4.079154926 5.261005284
9.096153262 4.069778917 6.118596306
9.140579057 4.069130019 7.239903776
9.278243874 4.078067643 8.060435989
9.218874683 4.106158499 9.148292656
9.274313858 5.014125517 0.05662787717
9.022302777 5.136601523 1.140405873
9.100890243 5.143434878 2.217051418
9.065975472 5.298269221 3.03817035
9.083877286 5.181833258 4.053901933
9.21029369 5.16402913 5.069691522
9.239831381 5.062581565 6.006988022
9.003166479 5.199820224 7.225837513
9.256955115 5.198146852 8.145334486
9.012842402 5.171474887 9.217640521
9.231216582 6.088733323 0.2849176655
9.262283212 6.118607674 1.160922937
9.021308518 6.232638607 2.219175678
9.210372611 6.135356938 3.177877986
9.054002313 6.048871837 4.140347882
9.271578615 6.001976975 5.071513655
9.184505488 6.014314302 6.106285633
9.153904989 6.209866102 7.117300039
9.204784861 6.256864594 8.014800587
9.288509192 6.162909701 9.26176115
9.271838791 7.191198591 0.2177502978
9.232625397 7.032752871 1.273615355
9.25555428 7.223931047 2.221756133
9.186131593 7.173666282 3.2572542
9.107798316 7.062884868 4.012176898
9.135414109 7.017107995 5.081319132
9.204650684 7.203051243 6.173523772
9.259260334 7.220909805 7.289426743
9.291603066 7.257464048 8.024759221
9.064227051 7.190686591 9.186338365
9.157481288 8.044695585 0.2062539122
9.229630497 8.198282358 1.090067563
9.279572312 8.260860097 2.18328439
9.063087363 8.133599967 3.052511622
9.182204052 8.058291462 4.143943228
9.049360275 8.236107968 5.01961171
9.297038066 8.084993774 6.071426914
9.108731588 8.01877861 7.070438431
9.274669823 8.065043935 8.145647651
9.173485813 8.120477024 9.274722154
9.27898501 9.030398978 0.06723150593
9.030051745 9.257517043 1.246141073
9.020853627 9.044876618 2.127642838
9.213564098 9.261792658 3.062292672
9.104568281 9.049703861 4.125673249
9.104408666 9.102024422 5.293161413
9.289679178 9.293379084 6.121635082
9.005952829 9.012951513 7.280004557
9.14019097 9.062284083 8.150393292
9.296334846 9.265871805 9.100494011
